MEME version 4

ALPHABET= FTIHMS

Background letter frequencies:
F 0.0516 T 0.0533 I 0.1361 H 0.1396 M 0.1114 S 0.5081

MOTIF filter0
letter-probability matrix: alength= 6 w= 7 nsites= 28162
0.0000 0.0110 0.4064 0.0000 0.0000 0.5824
0.0000 0.0111 0.0793 0.0024 0.0437 0.8634
0.0000 0.0181 0.1323 0.0313 0.0810 0.7371
0.0000 0.0288 0.1856 0.0797 0.1121 0.5936
0.0000 0.0402 0.1879 0.1185 0.1230 0.5303
0.0000 0.0513 0.1787 0.1451 0.1260 0.4989
0.0000 0.0623 0.1661 0.1576 0.1244 0.4896

MOTIF filter1
letter-probability matrix: alength= 6 w= 7 nsites= 118586
0.2068 0.1151 0.0015 0.6282 0.0006 0.0478
0.1805 0.1151 0.0000 0.6330 0.0004 0.0710
0.1579 0.1151 0.0042 0.4647 0.0009 0.2572
0.1386 0.1151 0.0101 0.3472 0.0027 0.3862
0.1222 0.1154 0.0369 0.2643 0.0103 0.4509
0.1080 0.1167 0.0672 0.2052 0.0280 0.4749
0.0961 0.1198 0.0911 0.1624 0.0501 0.4804

MOTIF filter2
letter-probability matrix: alength= 6 w= 7 nsites= 76688
0.0000 0.0000 0.3621 0.4777 0.0000 0.1602
0.0000 0.0004 0.4406 0.4942 0.0127 0.0521
0.0000 0.0004 0.2568 0.3895 0.0100 0.3433
0.0000 0.0005 0.1612 0.3082 0.0081 0.5221
0.0000 0.0022 0.1501 0.2522 0.0141 0.5813
0.0000 0.0067 0.1588 0.2130 0.0270 0.5945
0.0000 0.0143 0.1672 0.1885 0.0442 0.5858

MOTIF filter3
letter-probability matrix: alength= 6 w= 7 nsites= 694239
0.0157 0.0234 0.1802 0.0451 0.1312 0.6044
0.0092 0.0280 0.1675 0.0354 0.1151 0.6448
0.0076 0.0336 0.1756 0.0611 0.1238 0.5984
0.0063 0.0401 0.1776 0.0868 0.1294 0.5598
0.0053 0.0478 0.1724 0.1086 0.1314 0.5346
0.0045 0.0567 0.1645 0.1271 0.1307 0.5165
0.0039 0.0672 0.1565 0.1386 0.1276 0.5062

MOTIF filter4
letter-probability matrix: alength= 6 w= 7 nsites= 59375
0.0000 0.0000 0.0536 0.0000 0.0000 0.9464
0.0000 0.0000 0.0207 0.0000 0.0000 0.9792
0.0000 0.0096 0.1502 0.0564 0.0628 0.7210
0.0000 0.0212 0.1952 0.1078 0.1011 0.5747
0.0000 0.0324 0.1898 0.1478 0.1173 0.5126
0.0000 0.0426 0.1724 0.1759 0.1205 0.4886
0.0000 0.0525 0.1558 0.1830 0.1183 0.4904

MOTIF filter5
letter-probability matrix: alength= 6 w= 7 nsites= 239090
0.0000 0.0000 0.0000 0.3073 0.0101 0.6825
0.0000 0.0000 0.0927 0.3280 0.0020 0.5773
0.0000 0.0077 0.1399 0.3278 0.0340 0.4906
0.0000 0.0147 0.1457 0.3072 0.0508 0.4816
0.0000 0.0215 0.1401 0.2791 0.0614 0.4978
0.0000 0.0293 0.1357 0.2491 0.0704 0.5156
0.0000 0.0385 0.1334 0.2211 0.0800 0.5271

MOTIF filter6
letter-probability matrix: alength= 6 w= 7 nsites= 1231
0.0008 0.0008 0.0008 0.0008 0.4519 0.5449
0.0008 0.0008 0.0008 0.0008 0.0008 0.9960
0.0008 0.0016 0.0428 0.0154 0.0024 0.9369
0.0008 0.0089 0.1035 0.0631 0.0081 0.8157
0.0008 0.0178 0.1479 0.1188 0.0226 0.6920
0.0008 0.0299 0.1528 0.1770 0.0356 0.6039
0.0008 0.0445 0.1431 0.2134 0.0509 0.5473

MOTIF filter7
letter-probability matrix: alength= 6 w= 7 nsites= 125363
0.0000 0.0215 0.5785 0.0216 0.0838 0.2946
0.0000 0.0288 0.5277 0.0216 0.0994 0.3225
0.0000 0.0304 0.3512 0.0319 0.0861 0.5004
0.0000 0.0339 0.2573 0.0414 0.0805 0.5869
0.0000 0.0398 0.2178 0.0609 0.0805 0.6009
0.0000 0.0482 0.2038 0.0849 0.0824 0.5807
0.0000 0.0594 0.1906 0.1068 0.0860 0.5572

MOTIF filter8
letter-probability matrix: alength= 6 w= 7 nsites= 40703
0.0000 0.0085 0.1235 0.0146 0.0010 0.8524
0.0000 0.0085 0.0966 0.0147 0.0000 0.8802
0.0000 0.0199 0.1824 0.0677 0.0484 0.6816
0.0000 0.0319 0.2147 0.1120 0.0762 0.5652
0.0000 0.0433 0.2040 0.1401 0.0921 0.5205
0.0000 0.0540 0.1890 0.1602 0.0986 0.4982
0.0000 0.0666 0.1761 0.1640 0.0995 0.4938

MOTIF filter9
letter-probability matrix: alength= 6 w= 7 nsites= 93617
0.0000 0.0000 0.0000 0.0000 0.8081 0.1919
0.0000 0.0000 0.0131 0.0000 0.6662 0.3207
0.0000 0.0004 0.0181 0.0076 0.5522 0.4217
0.0000 0.0023 0.0343 0.0260 0.4620 0.4755
0.0000 0.0065 0.0549 0.0546 0.3914 0.4926
0.0000 0.0133 0.0724 0.0904 0.3357 0.4883
0.0000 0.0227 0.0843 0.1252 0.2904 0.4775

MOTIF filter10
letter-probability matrix: alength= 6 w= 7 nsites= 51963
0.7109 0.0000 0.0040 0.0000 0.0000 0.2850
0.6270 0.0000 0.0255 0.0007 0.0012 0.3457
0.5430 0.0000 0.0460 0.0071 0.0106 0.3933
0.4730 0.0000 0.0646 0.0157 0.0221 0.4247
0.4130 0.0000 0.0822 0.0261 0.0337 0.4449
0.3615 0.0000 0.0973 0.0376 0.0455 0.4580
0.3174 0.0000 0.1111 0.0480 0.0564 0.4670

MOTIF filter11
letter-probability matrix: alength= 6 w= 7 nsites= 203089
0.0000 0.0124 0.0904 0.2613 0.0694 0.5665
0.0000 0.0203 0.1013 0.2374 0.1271 0.5140
0.0000 0.0242 0.1182 0.2073 0.1299 0.5204
0.0000 0.0289 0.1289 0.1860 0.1308 0.5254
0.0000 0.0343 0.1331 0.1698 0.1324 0.5304
0.0000 0.0411 0.1381 0.1491 0.1345 0.5371
0.0000 0.0497 0.1430 0.1349 0.1360 0.5364

