MEME version 4

ALPHABET= FTIHMS

Background letter frequencies:
F 0.0502 T 0.0522 I 0.1380 H 0.1350 M 0.1073 S 0.5173

MOTIF filter0
letter-probability matrix: alength= 6 w= 7 nsites= 94387
0.0000 0.0000 0.0000 0.0000 0.0000 0.9999
0.0000 0.0000 0.1577 0.0000 0.0006 0.8416
0.0000 0.0027 0.0000 0.0000 0.0000 0.9972
0.0000 0.0160 0.0270 0.0000 0.0056 0.9514
0.0000 0.0420 0.1367 0.0609 0.0670 0.6934
0.0000 0.0621 0.1910 0.1252 0.0895 0.5321
0.0000 0.0789 0.1886 0.1705 0.0949 0.4671

MOTIF filter1
letter-probability matrix: alength= 6 w= 7 nsites= 74239
0.0000 0.0000 0.0883 0.3146 0.5845 0.0126
0.0000 0.0000 0.0883 0.3195 0.5890 0.0032
0.0000 0.0000 0.0881 0.3195 0.5816 0.0107
0.0000 0.0000 0.0881 0.3224 0.5229 0.0665
0.0000 0.0002 0.0721 0.2813 0.4640 0.1824
0.0000 0.0004 0.0516 0.2098 0.3835 0.3548
0.0000 0.0019 0.0496 0.1689 0.3194 0.4601

MOTIF filter2
letter-probability matrix: alength= 6 w= 7 nsites= 132582
0.0000 0.0232 0.2517 0.0000 0.0543 0.6707
0.0000 0.0340 0.0902 0.0000 0.0000 0.8758
0.0000 0.0508 0.0388 0.0000 0.0000 0.9104
0.0000 0.0729 0.0470 0.0000 0.0063 0.8737
0.0000 0.0962 0.0598 0.0297 0.0003 0.8141
0.0000 0.1164 0.1603 0.0912 0.0450 0.5870
0.0000 0.1353 0.1857 0.1372 0.0680 0.4737

MOTIF filter3
letter-probability matrix: alength= 6 w= 7 nsites= 35689
0.0000 0.2659 0.0000 0.0000 0.7164 0.0176
0.0000 0.2693 0.0000 0.0000 0.7102 0.0205
0.0000 0.2724 0.0000 0.0082 0.7098 0.0095
0.0000 0.2750 0.0000 0.0143 0.7101 0.0006
0.0000 0.2754 0.0000 0.0143 0.6098 0.1005
0.0000 0.2754 0.0000 0.0141 0.5089 0.2017
0.0000 0.2758 0.0066 0.0135 0.4254 0.2786

MOTIF filter4
letter-probability matrix: alength= 6 w= 7 nsites= 108070
0.2883 0.0874 0.0632 0.1670 0.3902 0.0039
0.2883 0.0875 0.0624 0.1650 0.3815 0.0154
0.2883 0.0876 0.0606 0.1663 0.3325 0.0648
0.2883 0.0877 0.0479 0.1693 0.2943 0.1125
0.2480 0.0886 0.0385 0.1454 0.2557 0.2237
0.2142 0.0896 0.0333 0.1202 0.2128 0.3299
0.1859 0.0918 0.0411 0.1054 0.1791 0.3967

MOTIF filter5
letter-probability matrix: alength= 6 w= 7 nsites= 23895
0.0000 0.3951 0.0000 0.6047 0.0000 0.0000
0.0000 0.3951 0.0000 0.6047 0.0000 0.0000
0.0000 0.3951 0.0000 0.6047 0.0000 0.0000
0.0000 0.3951 0.0000 0.6047 0.0000 0.0000
0.0000 0.3951 0.0000 0.4694 0.0000 0.1353
0.0000 0.3951 0.0000 0.3684 0.0000 0.2363
0.0000 0.3952 0.0130 0.2923 0.0018 0.2977

MOTIF filter6
letter-probability matrix: alength= 6 w= 7 nsites= 49323
0.3721 0.2211 0.0000 0.3655 0.0000 0.0412
0.3721 0.2216 0.0000 0.3984 0.0000 0.0078
0.3721 0.2219 0.0000 0.4060 0.0000 0.0000
0.3721 0.2219 0.0000 0.3966 0.0000 0.0094
0.3721 0.2219 0.0000 0.3729 0.0000 0.0331
0.3245 0.2223 0.0000 0.2627 0.0069 0.1836
0.2842 0.2232 0.0000 0.1856 0.0175 0.2895

MOTIF filter7
letter-probability matrix: alength= 6 w= 7 nsites= 16755
0.0001 0.0001 0.0187 0.0001 0.0001 0.9811
0.0001 0.1425 0.0001 0.0001 0.0001 0.8572
0.0001 0.2854 0.0001 0.0001 0.0001 0.7143
0.0001 0.4661 0.0001 0.0001 0.2628 0.2709
0.0001 0.5411 0.0001 0.1959 0.2068 0.0561
0.0001 0.5411 0.0001 0.1959 0.1610 0.1019
0.0001 0.5412 0.0040 0.1987 0.1277 0.1283

MOTIF filter8
letter-probability matrix: alength= 6 w= 7 nsites= 43126
0.0000 0.2552 0.0000 0.2664 0.4200 0.0583
0.0000 0.2582 0.0000 0.2969 0.4204 0.0245
0.0000 0.2603 0.0000 0.3192 0.4204 0.0000
0.0000 0.2603 0.0000 0.3192 0.4204 0.0000
0.0000 0.2603 0.0000 0.3191 0.4204 0.0002
0.0000 0.2603 0.0000 0.2484 0.3513 0.1399
0.0000 0.2603 0.0000 0.1899 0.2946 0.2552

MOTIF filter9
letter-probability matrix: alength= 6 w= 7 nsites= 212
0.4862 0.0046 0.0046 0.0046 0.0046 0.4954
0.4679 0.0046 0.2385 0.0596 0.0046 0.2248
0.0046 0.0046 0.2385 0.2615 0.0046 0.4862
0.0046 0.0046 0.2385 0.2798 0.0046 0.4679
0.0046 0.0046 0.5138 0.4266 0.0459 0.0046
0.0046 0.0046 0.2339 0.3899 0.0413 0.3257
0.0046 0.0046 0.1101 0.2844 0.0367 0.5596

MOTIF filter10
letter-probability matrix: alength= 6 w= 7 nsites= 86422
0.0034 0.0000 0.2227 0.0210 0.0547 0.6981
0.0012 0.0000 0.2663 0.0957 0.0619 0.5748
0.0000 0.0000 0.1843 0.1768 0.0886 0.5502
0.0000 0.0000 0.1487 0.1784 0.1059 0.5669
0.0000 0.0069 0.1407 0.1874 0.1250 0.5400
0.0000 0.0147 0.1388 0.1840 0.1180 0.5444
0.0000 0.0254 0.1391 0.1721 0.1143 0.5491

MOTIF filter11
letter-probability matrix: alength= 6 w= 7 nsites= 79748
0.0000 0.0000 0.0122 0.0489 0.0001 0.9387
0.0000 0.0194 0.0000 0.1459 0.0000 0.8347
0.0000 0.0471 0.0475 0.2201 0.0816 0.6038
0.0000 0.0733 0.1036 0.2791 0.1389 0.4051
0.0000 0.0890 0.0119 0.2381 0.1324 0.5286
0.0000 0.0987 0.0669 0.2316 0.1275 0.4753
0.0000 0.1096 0.1009 0.2147 0.1185 0.4564

MOTIF filter12
letter-probability matrix: alength= 6 w= 7 nsites= 59552
0.4834 0.0000 0.1845 0.0000 0.3071 0.0250
0.4812 0.0000 0.1919 0.0000 0.3042 0.0227
0.4812 0.0000 0.2032 0.0000 0.3042 0.0113
0.4812 0.0002 0.1854 0.0000 0.3042 0.0290
0.4500 0.0002 0.1644 0.0000 0.3042 0.0812
0.3887 0.0003 0.1017 0.0006 0.2543 0.2544
0.3374 0.0006 0.0717 0.0020 0.2137 0.3746

MOTIF filter13
letter-probability matrix: alength= 6 w= 7 nsites= 338599
0.0506 0.0120 0.1598 0.1164 0.1544 0.5068
0.0468 0.0179 0.1394 0.0904 0.1451 0.5605
0.0459 0.0229 0.1943 0.0963 0.1344 0.5063
0.0389 0.0294 0.2070 0.0793 0.1168 0.5286
0.0305 0.0372 0.2054 0.0761 0.0908 0.5600
0.0259 0.0436 0.1754 0.0887 0.0894 0.5770
0.0220 0.0529 0.1661 0.1021 0.0912 0.5657

MOTIF filter14
letter-probability matrix: alength= 6 w= 7 nsites= 66492
0.4030 0.0788 0.5010 0.0000 0.0000 0.0172
0.4030 0.0788 0.3384 0.0000 0.0000 0.1797
0.4030 0.0788 0.1707 0.0000 0.0000 0.3474
0.4030 0.0788 0.1026 0.0000 0.0045 0.4111
0.4030 0.0809 0.0521 0.0000 0.0342 0.4298
0.3481 0.0872 0.0830 0.0203 0.0406 0.4208
0.3022 0.0956 0.0988 0.0395 0.0477 0.4163

MOTIF filter15
letter-probability matrix: alength= 6 w= 7 nsites= 51614
0.4691 0.1842 0.1280 0.2174 0.0000 0.0013
0.4691 0.1848 0.1279 0.2174 0.0000 0.0008
0.4691 0.1854 0.1267 0.2174 0.0000 0.0013
0.4691 0.1856 0.1267 0.2174 0.0000 0.0012
0.4691 0.1856 0.1072 0.2185 0.0000 0.0195
0.4059 0.1856 0.0719 0.1717 0.0000 0.1648
0.3529 0.1857 0.0508 0.1368 0.0001 0.2737

