MEME version 4

ALPHABET= ACGU

Background letter frequencies:
A 0.2735 C 0.2213 G 0.2100 U 0.2953

MOTIF filter0
letter-probability matrix: alength= 4 w= 7 nsites= 32964
0.0976 0.1833 0.6368 0.0823
0.2803 0.1400 0.2764 0.3032
0.0127 0.0154 0.9590 0.0129
0.1265 0.1184 0.6618 0.0933
0.2494 0.2496 0.3005 0.2004
0.2366 0.2266 0.2972 0.2396
0.2266 0.2308 0.3023 0.2403

MOTIF filter1
letter-probability matrix: alength= 4 w= 7 nsites= 3122
0.0003 0.0003 0.0003 0.9990
0.9760 0.0003 0.0003 0.0234
0.9990 0.0003 0.0003 0.0003
0.0003 0.9990 0.0003 0.0003
0.4053 0.2418 0.0208 0.3321
0.3154 0.2236 0.1110 0.3500
0.3170 0.2201 0.1059 0.3570

MOTIF filter2
letter-probability matrix: alength= 4 w= 7 nsites= 34002
0.1131 0.2503 0.6365 0.0000
0.4349 0.1586 0.3571 0.0494
0.2845 0.0276 0.6306 0.0574
0.0898 0.2001 0.6529 0.0573
0.2648 0.2390 0.2844 0.2118
0.2297 0.2430 0.3014 0.2259
0.2326 0.2291 0.3186 0.2196

MOTIF filter3
letter-probability matrix: alength= 4 w= 7 nsites= 2482
0.9706 0.0004 0.0004 0.0286
0.9811 0.0181 0.0004 0.0004
0.0004 0.8033 0.0097 0.1866
0.3886 0.4586 0.0068 0.1460
0.3504 0.2345 0.0696 0.3455
0.3170 0.2132 0.0973 0.3725
0.3274 0.2011 0.0957 0.3757

MOTIF filter4
letter-probability matrix: alength= 4 w= 7 nsites= 3172
0.0003 0.0576 0.0003 0.9418
0.8942 0.0123 0.0271 0.0664
0.9090 0.0904 0.0003 0.0003
0.0003 0.7169 0.0003 0.2824
0.4185 0.2141 0.0409 0.3265
0.3322 0.2207 0.1118 0.3353
0.3312 0.1965 0.1023 0.3700

MOTIF filter5
letter-probability matrix: alength= 4 w= 7 nsites= 29558
0.2614 0.4126 0.0000 0.3260
0.4153 0.0867 0.0304 0.4676
0.0000 0.0000 0.9999 0.0000
0.2305 0.3701 0.0138 0.3856
0.2668 0.2447 0.1981 0.2903
0.2623 0.2104 0.2208 0.3065
0.2422 0.2487 0.2048 0.3043

MOTIF filter6
letter-probability matrix: alength= 4 w= 7 nsites= 4582
0.0002 0.9283 0.0002 0.0713
0.3679 0.3236 0.0126 0.2959
0.3096 0.3000 0.0680 0.3223
0.3365 0.2678 0.0986 0.2972
0.3367 0.1943 0.1186 0.3504
0.3216 0.1912 0.1577 0.3295
0.3068 0.2259 0.1186 0.3487

MOTIF filter7
letter-probability matrix: alength= 4 w= 7 nsites= 2580
0.9988 0.0004 0.0004 0.0004
0.0004 0.9253 0.0004 0.0739
0.4957 0.3030 0.0201 0.1811
0.2891 0.3317 0.0600 0.3193
0.3204 0.2252 0.0906 0.3638
0.3270 0.1939 0.1099 0.3692
0.3297 0.2016 0.1149 0.3537

MOTIF filter8
letter-probability matrix: alength= 4 w= 7 nsites= 19905
0.0535 0.0493 0.7610 0.1362
0.1855 0.0723 0.0875 0.6547
0.1428 0.0362 0.2664 0.5546
0.0057 0.0188 0.7375 0.2380
0.2323 0.2102 0.2783 0.2792
0.2431 0.1975 0.2446 0.3148
0.2571 0.1960 0.2726 0.2742

MOTIF filter9
letter-probability matrix: alength= 4 w= 7 nsites= 48339
0.2036 0.1187 0.5504 0.1273
0.3583 0.0999 0.2987 0.2431
0.0630 0.0479 0.8411 0.0480
0.2736 0.1559 0.4049 0.1656
0.2545 0.2191 0.2942 0.2323
0.2536 0.2044 0.3201 0.2218
0.2403 0.2112 0.3081 0.2404

MOTIF filter10
letter-probability matrix: alength= 4 w= 7 nsites= 32672
0.3850 0.2997 0.0357 0.2796
0.4046 0.0858 0.1499 0.3597
0.0323 0.0080 0.9211 0.0386
0.2087 0.1340 0.4977 0.1595
0.2702 0.2052 0.2845 0.2401
0.2668 0.2046 0.3045 0.2242
0.2573 0.2146 0.2544 0.2737

MOTIF filter11
letter-probability matrix: alength= 4 w= 7 nsites= 4953
0.0002 0.7412 0.0002 0.2584
0.0002 0.0002 0.0002 0.9994
0.8203 0.0002 0.0002 0.1793
0.9847 0.0149 0.0002 0.0002
0.2992 0.2772 0.1200 0.3036
0.3625 0.2209 0.1093 0.3072
0.3357 0.2215 0.1178 0.3250

