MEME version 4

ALPHABET= ACGU

Background letter frequencies:
A 0.2678 C 0.2208 G 0.2454 U 0.2660

MOTIF filter0
letter-probability matrix: alength= 4 w= 7 nsites= 4675
0.2744 0.0045 0.7066 0.0145
0.0002 0.0154 0.9684 0.0160
0.0045 0.0107 0.8948 0.0900
0.1075 0.2601 0.4851 0.1473
0.1517 0.0254 0.7974 0.0254
0.0299 0.2018 0.5959 0.1725
0.1921 0.1161 0.5268 0.1650

MOTIF filter1
letter-probability matrix: alength= 4 w= 7 nsites= 1583
0.0006 0.0636 0.0315 0.9042
0.0006 0.4272 0.0006 0.5715
0.0069 0.3151 0.0006 0.6774
0.0006 0.2539 0.0038 0.7417
0.0006 0.1991 0.0006 0.7996
0.2344 0.0473 0.0006 0.7177
0.2457 0.5885 0.1651 0.0006

MOTIF filter2
letter-probability matrix: alength= 4 w= 7 nsites= 1490
0.0013 0.0281 0.9444 0.0261
0.7169 0.0007 0.2470 0.0355
0.7055 0.2222 0.0027 0.0696
0.3507 0.2704 0.1225 0.2564
0.0120 0.0127 0.9746 0.0007
0.7905 0.0007 0.0167 0.1921
0.4739 0.1232 0.3802 0.0228

MOTIF filter3
letter-probability matrix: alength= 4 w= 7 nsites= 16484
0.1098 0.5664 0.0703 0.2535
0.0776 0.6639 0.0045 0.2539
0.1414 0.5579 0.0041 0.2967
0.1124 0.6824 0.0083 0.1968
0.3755 0.4213 0.0116 0.1915
0.1973 0.5271 0.1582 0.1174
0.0901 0.4567 0.0029 0.4503

MOTIF filter4
letter-probability matrix: alength= 4 w= 7 nsites= 865
0.7560 0.0242 0.0242 0.1956
0.1703 0.7319 0.0621 0.0357
0.0115 0.0012 0.9287 0.0587
0.8539 0.0012 0.1162 0.0288
0.0829 0.7399 0.0817 0.0955
0.0725 0.2348 0.5386 0.1542
0.5846 0.0840 0.1461 0.1853

MOTIF filter5
letter-probability matrix: alength= 4 w= 7 nsites= 22420
0.3571 0.4605 0.0216 0.1608
0.2299 0.1214 0.0039 0.6448
0.4003 0.3927 0.0072 0.1998
0.2855 0.3997 0.0949 0.2200
0.1702 0.4224 0.0039 0.4035
0.1187 0.2359 0.0076 0.6379
0.2739 0.1418 0.0118 0.5726

MOTIF filter6
letter-probability matrix: alength= 4 w= 7 nsites= 15040
0.5877 0.2460 0.0074 0.1589
0.7792 0.0602 0.0187 0.1419
0.1899 0.1385 0.0005 0.6711
0.6202 0.0770 0.0580 0.2447
0.3100 0.0131 0.0580 0.6189
0.1947 0.1047 0.0718 0.6288
0.2100 0.0557 0.1107 0.6236

MOTIF filter7
letter-probability matrix: alength= 4 w= 7 nsites= 8543
0.3051 0.0310 0.6219 0.0420
0.5632 0.2501 0.0238 0.1629
0.4970 0.0531 0.2547 0.1952
0.0001 0.0001 0.9996 0.0001
0.9878 0.0034 0.0001 0.0087
0.6959 0.0716 0.1162 0.1163
0.1647 0.1390 0.6884 0.0078

MOTIF filter8
letter-probability matrix: alength= 4 w= 7 nsites= 8304
0.0200 0.5349 0.1359 0.3092
0.0007 0.8747 0.0396 0.0850
0.0856 0.8485 0.0132 0.0527
0.1962 0.7021 0.0487 0.0530
0.1390 0.4638 0.2943 0.1029
0.0891 0.5851 0.1449 0.1809
0.0466 0.7500 0.1188 0.0846

MOTIF filter9
letter-probability matrix: alength= 4 w= 7 nsites= 2135
0.0631 0.9074 0.0266 0.0028
0.0865 0.0005 0.1374 0.7756
0.2712 0.2094 0.4778 0.0416
0.0598 0.0687 0.3637 0.5077
0.3936 0.0510 0.5517 0.0037
0.4334 0.0496 0.3749 0.1421
0.3628 0.2085 0.4147 0.0140

MOTIF filter10
letter-probability matrix: alength= 4 w= 7 nsites= 1552
0.1163 0.0591 0.7995 0.0251
0.0572 0.0321 0.8895 0.0212
0.0379 0.0996 0.0244 0.8380
0.7442 0.0071 0.2339 0.0148
0.5488 0.0186 0.3528 0.0797
0.0283 0.0212 0.8625 0.0880
0.0495 0.0315 0.1183 0.8008

MOTIF filter11
letter-probability matrix: alength= 4 w= 7 nsites= 8549
0.1879 0.2773 0.2073 0.3275
0.4294 0.0118 0.4977 0.0610
0.0440 0.0094 0.9047 0.0420
0.0001 0.0264 0.6723 0.3012
0.0001 0.2463 0.3821 0.3714
0.0088 0.5310 0.0864 0.3738
0.0657 0.7489 0.0551 0.1304

MOTIF filter12
letter-probability matrix: alength= 4 w= 7 nsites= 4484
0.3139 0.2177 0.3226 0.1457
0.4508 0.0602 0.1480 0.3411
0.0002 0.0002 0.9993 0.0002
0.9938 0.0002 0.0058 0.0002
0.6571 0.2917 0.0002 0.0510
0.0002 0.4940 0.3663 0.1395
0.4777 0.1183 0.1976 0.2063

MOTIF filter13
letter-probability matrix: alength= 4 w= 7 nsites= 3956
0.0003 0.0513 0.9482 0.0003
0.9780 0.0003 0.0215 0.0003
0.7240 0.0641 0.0003 0.2116
0.0003 0.2333 0.7662 0.0003
0.6952 0.1303 0.0581 0.1164
0.4356 0.0104 0.2737 0.2803
0.1955 0.2874 0.5083 0.0088

MOTIF filter14
letter-probability matrix: alength= 4 w= 7 nsites= 4881
0.6643 0.0207 0.0510 0.2641
0.0802 0.4000 0.3597 0.1601
0.2508 0.2807 0.4657 0.0029
0.5777 0.0377 0.0178 0.3668
0.0078 0.2964 0.6886 0.0072
0.4348 0.0448 0.5169 0.0035
0.9095 0.0002 0.0002 0.0901

MOTIF filter15
letter-probability matrix: alength= 4 w= 7 nsites= 21339
0.1788 0.1913 0.1007 0.5291
0.1631 0.1199 0.0852 0.6317
0.0577 0.1839 0.1531 0.6054
0.0131 0.0677 0.0347 0.8846
0.0020 0.1005 0.0000 0.8974
0.0321 0.2263 0.0608 0.6808
0.2696 0.1951 0.0414 0.4940

