MEME version 4

ALPHABET= FTIHMS

Background letter frequencies:
F 0.0497 T 0.0510 I 0.1362 H 0.1398 M 0.1093 S 0.5139

MOTIF filter0
letter-probability matrix: alength= 6 w= 7 nsites= 16287
0.0001 0.9997 0.0001 0.0001 0.0001 0.0001
0.0001 0.9997 0.0001 0.0001 0.0001 0.0001
0.0001 0.9997 0.0001 0.0001 0.0001 0.0001
0.0001 0.9997 0.0001 0.0001 0.0001 0.0001
0.0001 0.9997 0.0001 0.0001 0.0001 0.0001
0.0001 0.9997 0.0001 0.0001 0.0001 0.0001
0.0001 0.9997 0.0001 0.0001 0.0001 0.0001

MOTIF filter1
letter-probability matrix: alength= 6 w= 7 nsites= 358096
0.0040 0.0001 0.1341 0.0592 0.2098 0.5929
0.0000 0.0022 0.1282 0.0556 0.2211 0.5929
0.0000 0.0065 0.1398 0.0813 0.2045 0.5680
0.0000 0.0120 0.1486 0.1059 0.1921 0.5414
0.0000 0.0187 0.1492 0.1243 0.1808 0.5271
0.0000 0.0269 0.1454 0.1357 0.1701 0.5220
0.0000 0.0368 0.1409 0.1441 0.1587 0.5196

MOTIF filter2
letter-probability matrix: alength= 6 w= 7 nsites= 207146
0.0000 0.0000 0.0038 0.2421 0.3393 0.4147
0.0000 0.0000 0.0042 0.2858 0.2801 0.4299
0.0000 0.0032 0.0453 0.2849 0.2382 0.4284
0.0000 0.0076 0.0670 0.2722 0.2053 0.4480
0.0000 0.0130 0.0765 0.2521 0.1785 0.4800
0.0000 0.0197 0.0849 0.2340 0.1604 0.5009
0.0000 0.0285 0.0918 0.2178 0.1497 0.5122

MOTIF filter3
letter-probability matrix: alength= 6 w= 7 nsites= 213970
0.0000 0.0000 0.2418 0.2012 0.0244 0.5326
0.0000 0.0002 0.2005 0.2266 0.0004 0.5723
0.0000 0.0064 0.1924 0.2320 0.0295 0.5398
0.0000 0.0131 0.1833 0.2270 0.0468 0.5299
0.0000 0.0204 0.1696 0.2189 0.0571 0.5339
0.0000 0.0289 0.1594 0.2120 0.0651 0.5346
0.0000 0.0389 0.1518 0.2019 0.0709 0.5364

MOTIF filter4
letter-probability matrix: alength= 6 w= 7 nsites= 244074
0.0000 0.0000 0.0995 0.1156 0.0111 0.7738
0.0000 0.0047 0.1394 0.1620 0.0274 0.6664
0.0000 0.0134 0.1828 0.2043 0.0631 0.5363
0.0000 0.0217 0.1853 0.2226 0.0804 0.4900
0.0000 0.0298 0.1715 0.2240 0.0861 0.4887
0.0000 0.0384 0.1556 0.2168 0.0864 0.5028
0.0000 0.0483 0.1441 0.2069 0.0851 0.5156

MOTIF filter5
letter-probability matrix: alength= 6 w= 7 nsites= 50731
0.0000 0.0000 0.1071 0.0000 0.8328 0.0601
0.0000 0.0000 0.1071 0.0000 0.8929 0.0000
0.0000 0.0000 0.0561 0.0000 0.7074 0.2365
0.0000 0.0000 0.0319 0.0000 0.5675 0.4005
0.0000 0.0014 0.0384 0.0101 0.4618 0.4883
0.0000 0.0054 0.0577 0.0318 0.3794 0.5258
0.0000 0.0140 0.0744 0.0631 0.3163 0.5322

MOTIF filter6
letter-probability matrix: alength= 6 w= 7 nsites= 103745
0.0000 0.0000 0.0142 0.0000 0.8577 0.1280
0.0000 0.0000 0.0000 0.0000 0.6921 0.3079
0.0000 0.0004 0.0091 0.0052 0.5682 0.4171
0.0000 0.0021 0.0301 0.0214 0.4713 0.4751
0.0000 0.0059 0.0526 0.0479 0.3955 0.4980
0.0000 0.0126 0.0703 0.0819 0.3363 0.4989
0.0000 0.0218 0.0829 0.1178 0.2888 0.4887

MOTIF filter7
letter-probability matrix: alength= 6 w= 7 nsites= 148397
0.0000 0.0000 0.0123 0.0000 0.3795 0.6082
0.0000 0.0000 0.0045 0.0027 0.2812 0.7115
0.0000 0.0051 0.0800 0.0484 0.2509 0.6156
0.0000 0.0115 0.1172 0.0968 0.2261 0.5485
0.0000 0.0185 0.1277 0.1424 0.2031 0.5083
0.0000 0.0267 0.1279 0.1809 0.1818 0.4827
0.0000 0.0358 0.1250 0.2039 0.1627 0.4726

MOTIF filter8
letter-probability matrix: alength= 6 w= 7 nsites= 253680
0.1221 0.0000 0.2385 0.0000 0.0000 0.6393
0.1054 0.0000 0.0983 0.0000 0.0000 0.7963
0.0913 0.0070 0.1579 0.0395 0.0377 0.6666
0.0795 0.0151 0.1866 0.0781 0.0642 0.5765
0.0694 0.0235 0.1846 0.1111 0.0790 0.5324
0.0607 0.0321 0.1739 0.1372 0.0864 0.5097
0.0534 0.0416 0.1646 0.1497 0.0895 0.5012

MOTIF filter9
letter-probability matrix: alength= 6 w= 7 nsites= 5163
0.0002 0.9990 0.0002 0.0002 0.0002 0.0002
0.0002 0.9990 0.0002 0.0002 0.0002 0.0002
0.0002 0.9990 0.0002 0.0002 0.0002 0.0002
0.0002 0.9990 0.0002 0.0002 0.0002 0.0002
0.0002 0.9990 0.0002 0.0002 0.0002 0.0002
0.0002 0.9990 0.0002 0.0002 0.0002 0.0002
0.0002 0.9990 0.0002 0.0002 0.0002 0.0002

MOTIF filter10
letter-probability matrix: alength= 6 w= 7 nsites= 16619
0.0001 0.0001 0.9997 0.0001 0.0001 0.0001
0.0001 0.0001 0.5541 0.0001 0.0001 0.4457
0.0001 0.0001 0.3473 0.0001 0.0001 0.6525
0.0001 0.0048 0.2762 0.0248 0.0142 0.6801
0.0001 0.0123 0.2347 0.0567 0.0321 0.6642
0.0001 0.0217 0.2153 0.0922 0.0479 0.6229
0.0001 0.0352 0.2100 0.1223 0.0598 0.5725

MOTIF filter11
letter-probability matrix: alength= 6 w= 7 nsites= 146827
0.0000 0.0000 0.2165 0.4026 0.3157 0.0651
0.0000 0.0000 0.1524 0.3953 0.2312 0.2211
0.0000 0.0002 0.0963 0.3163 0.1954 0.3918
0.0000 0.0012 0.0781 0.2378 0.1676 0.5153
0.0000 0.0042 0.0872 0.1915 0.1509 0.5661
0.0000 0.0101 0.1050 0.1665 0.1455 0.5729
0.0000 0.0191 0.1194 0.1558 0.1478 0.5579

