MEME version 4

ALPHABET= ACGU

Background letter frequencies:
A 0.2535 C 0.2249 G 0.2254 U 0.2961

MOTIF filter0
letter-probability matrix: alength= 4 w= 7 nsites= 696
0.1114 0.0157 0.8514 0.0214
0.0014 0.0014 0.9957 0.0014
0.0014 0.0014 0.0014 0.9957
0.7400 0.0200 0.2157 0.0243
0.8071 0.0329 0.0900 0.0700
0.0629 0.0214 0.8657 0.0500
0.1614 0.1214 0.1571 0.5600

MOTIF filter1
letter-probability matrix: alength= 4 w= 7 nsites= 7725
0.0010 0.0010 0.0003 0.9977
0.0560 0.0066 0.0300 0.9074
0.2426 0.0229 0.0147 0.7198
0.4235 0.0254 0.0392 0.5120
0.4936 0.0624 0.0598 0.3843
0.3167 0.1885 0.0990 0.3958
0.1976 0.1304 0.1494 0.5226

MOTIF filter2
letter-probability matrix: alength= 4 w= 7 nsites= 8974
0.3016 0.0203 0.4365 0.2416
0.0036 0.5100 0.4356 0.0508
0.0247 0.5573 0.3869 0.0311
0.0150 0.8700 0.0264 0.0885
0.0763 0.3728 0.0143 0.5366
0.0923 0.6332 0.2650 0.0095
0.2397 0.3848 0.1770 0.1985

MOTIF filter3
letter-probability matrix: alength= 4 w= 7 nsites= 672
0.7766 0.0888 0.1213 0.0133
0.5104 0.0710 0.3491 0.0695
0.0178 0.0311 0.9349 0.0163
0.1109 0.0962 0.0888 0.7041
0.4334 0.1509 0.3358 0.0799
0.4098 0.0976 0.3373 0.1553
0.0666 0.1287 0.6657 0.1391

MOTIF filter4
letter-probability matrix: alength= 4 w= 7 nsites= 3455
0.0003 0.0003 0.0003 0.9991
0.8581 0.0003 0.0084 0.1333
0.6273 0.1931 0.0003 0.1792
0.1951 0.3059 0.4735 0.0254
0.1995 0.2235 0.1278 0.4493
0.3215 0.1526 0.2021 0.3238
0.0827 0.2024 0.1402 0.5747

MOTIF filter5
letter-probability matrix: alength= 4 w= 7 nsites= 6142
0.1494 0.2236 0.0057 0.6214
0.0617 0.0812 0.0953 0.7618
0.0526 0.0443 0.0002 0.9030
0.0002 0.0293 0.0133 0.9572
0.0386 0.0002 0.0179 0.9434
0.0724 0.0573 0.0002 0.8702
0.2159 0.0150 0.0031 0.7660

MOTIF filter6
letter-probability matrix: alength= 4 w= 7 nsites= 9815
0.0001 0.3362 0.5284 0.1353
0.4717 0.1280 0.1914 0.2089
0.0011 0.3263 0.6641 0.0085
0.6643 0.0023 0.1847 0.1486
0.0001 0.2937 0.7031 0.0031
0.4097 0.1958 0.3493 0.0451
0.1949 0.5194 0.0924 0.1933

MOTIF filter7
letter-probability matrix: alength= 4 w= 7 nsites= 22696
0.0720 0.0316 0.8486 0.0478
0.1566 0.1547 0.6785 0.0103
0.2565 0.2835 0.3380 0.1220
0.1103 0.3077 0.5385 0.0435
0.3880 0.3152 0.2899 0.0068
0.2146 0.0937 0.5196 0.1722
0.1141 0.4141 0.4651 0.0067

MOTIF filter8
letter-probability matrix: alength= 4 w= 7 nsites= 15559
0.5074 0.4170 0.0159 0.0598
0.7195 0.0598 0.0006 0.2201
0.4008 0.2377 0.0982 0.2633
0.4840 0.4047 0.0112 0.1000
0.6395 0.1075 0.0744 0.1786
0.3308 0.5744 0.0434 0.0513
0.2568 0.5390 0.0097 0.1946

MOTIF filter9
letter-probability matrix: alength= 4 w= 7 nsites= 35491
0.4128 0.1910 0.2988 0.0975
0.0393 0.3904 0.4649 0.1054
0.2930 0.2081 0.4890 0.0100
0.3109 0.0872 0.5957 0.0063
0.4265 0.1980 0.3399 0.0356
0.1484 0.2363 0.5037 0.1116
0.3217 0.2640 0.4082 0.0062

MOTIF filter10
letter-probability matrix: alength= 4 w= 7 nsites= 8178
0.0001 0.0159 0.0007 0.9833
0.0046 0.0001 0.0083 0.9869
0.1819 0.0001 0.0571 0.7609
0.4239 0.0255 0.0044 0.5462
0.2837 0.1657 0.0001 0.5505
0.0995 0.1704 0.1292 0.6010
0.1649 0.0155 0.1050 0.7146

MOTIF filter11
letter-probability matrix: alength= 4 w= 7 nsites= 8921
0.2300 0.1477 0.0059 0.6164
0.0373 0.3339 0.0390 0.5898
0.1533 0.1737 0.0201 0.6530
0.0012 0.0076 0.0001 0.9910
0.0001 0.0001 0.0001 0.9997
0.0497 0.0001 0.0001 0.9500
0.0001 0.1096 0.0001 0.8902

MOTIF filter12
letter-probability matrix: alength= 4 w= 7 nsites= 17401
0.0177 0.3115 0.6219 0.0488
0.1208 0.2084 0.6691 0.0018
0.4675 0.2451 0.2025 0.0849
0.0477 0.1671 0.7262 0.0590
0.2421 0.1834 0.5485 0.0260
0.1714 0.3150 0.4127 0.1009
0.1443 0.3754 0.4785 0.0018

MOTIF filter13
letter-probability matrix: alength= 4 w= 7 nsites= 13318
0.1949 0.0798 0.0655 0.6598
0.1770 0.1225 0.0586 0.6419
0.2114 0.0393 0.1270 0.6223
0.0649 0.0221 0.0772 0.8358
0.0492 0.0481 0.0018 0.9008
0.0395 0.0515 0.0900 0.8190
0.0482 0.0733 0.0629 0.8156

MOTIF filter14
letter-probability matrix: alength= 4 w= 7 nsites= 9100
0.0311 0.0401 0.0194 0.9094
0.1086 0.0705 0.0387 0.7822
0.0660 0.0402 0.0248 0.8690
0.0630 0.0090 0.0066 0.9214
0.0261 0.0813 0.0056 0.8870
0.1041 0.0099 0.0335 0.8525
0.1280 0.0841 0.0434 0.7445

MOTIF filter15
letter-probability matrix: alength= 4 w= 7 nsites= 24734
0.2735 0.0156 0.6645 0.0464
0.2020 0.0325 0.7477 0.0179
0.7129 0.1466 0.0892 0.0513
0.3031 0.1302 0.4818 0.0848
0.4192 0.0487 0.4521 0.0800
0.3142 0.2198 0.4035 0.0625
0.4868 0.1428 0.2869 0.0835

