MEME version 4

ALPHABET= ACGU

Background letter frequencies:
A 0.2468 C 0.2230 G 0.2293 U 0.3009

MOTIF filter0
letter-probability matrix: alength= 4 w= 7 nsites= 110239
0.1371 0.5092 0.3537 0.0000
0.1409 0.3345 0.2307 0.2939
0.2092 0.2776 0.2971 0.2160
0.2226 0.3824 0.3950 0.0000
0.2215 0.2923 0.2399 0.2463
0.2018 0.2809 0.2804 0.2369
0.1993 0.2850 0.2810 0.2347

MOTIF filter1
letter-probability matrix: alength= 4 w= 7 nsites= 15276
0.6654 0.0001 0.0311 0.3034
0.7177 0.0315 0.2508 0.0001
0.2010 0.0053 0.0092 0.7845
0.6522 0.0692 0.2688 0.0099
0.3564 0.1589 0.1900 0.2947
0.3658 0.1701 0.1779 0.2863
0.3449 0.1558 0.1844 0.3149

MOTIF filter2
letter-probability matrix: alength= 4 w= 7 nsites= 17996
0.0001 0.0001 0.0001 0.9998
0.0001 0.0123 0.0001 0.9876
0.1062 0.0816 0.1173 0.6949
0.1529 0.0842 0.1104 0.6524
0.1643 0.0889 0.1311 0.6158
0.1921 0.0884 0.1386 0.5809
0.1851 0.1112 0.1507 0.5531

MOTIF filter3
letter-probability matrix: alength= 4 w= 7 nsites= 19954
0.0001 0.0001 0.0001 0.9998
0.0001 0.0001 0.0001 0.9998
0.0001 0.0001 0.0001 0.9998
0.0855 0.0393 0.0701 0.8050
0.1468 0.0857 0.1256 0.6419
0.1600 0.0883 0.1332 0.6185
0.1934 0.0886 0.1383 0.5797

MOTIF filter4
letter-probability matrix: alength= 4 w= 7 nsites= 15571
0.0750 0.7719 0.1462 0.0069
0.3256 0.1366 0.1292 0.4085
0.0848 0.3906 0.5246 0.0001
0.2030 0.5046 0.1168 0.1757
0.2049 0.3339 0.2323 0.2289
0.1966 0.3027 0.2503 0.2504
0.1902 0.3239 0.2585 0.2274

MOTIF filter5
letter-probability matrix: alength= 4 w= 7 nsites= 19485
0.0001 0.0001 0.0001 0.9998
0.0001 0.0001 0.0001 0.9998
0.0001 0.0001 0.0431 0.9568
0.0984 0.0758 0.1090 0.7168
0.1489 0.0877 0.1127 0.6507
0.1604 0.0889 0.1288 0.6218
0.1878 0.0882 0.1380 0.5860

MOTIF filter6
letter-probability matrix: alength= 4 w= 7 nsites= 82850
0.3915 0.1064 0.2208 0.2813
0.3765 0.1658 0.4576 0.0000
0.2374 0.2267 0.2195 0.3164
0.4304 0.2368 0.3328 0.0000
0.2898 0.2057 0.2617 0.2428
0.2695 0.2119 0.2754 0.2431
0.2669 0.2097 0.2686 0.2548

MOTIF filter7
letter-probability matrix: alength= 4 w= 7 nsites= 19054
0.0001 0.0001 0.0001 0.9998
0.0001 0.0001 0.0001 0.9998
0.0001 0.0001 0.0001 0.9998
0.0001 0.0001 0.0612 0.9387
0.1274 0.0826 0.1224 0.6675
0.1474 0.0863 0.1310 0.6354
0.1801 0.0869 0.1337 0.5992

MOTIF filter8
letter-probability matrix: alength= 4 w= 7 nsites= 45559
0.0419 0.0305 0.0406 0.8870
0.0288 0.0842 0.3290 0.5580
0.4128 0.0128 0.1461 0.4282
0.0147 0.2813 0.5691 0.1348
0.2785 0.2067 0.1800 0.3348
0.2491 0.2146 0.2043 0.3320
0.2740 0.1911 0.2107 0.3242

MOTIF filter9
letter-probability matrix: alength= 4 w= 7 nsites= 43667
0.1800 0.6936 0.0834 0.0430
0.3657 0.2373 0.0972 0.2998
0.0404 0.3050 0.6546 0.0000
0.3120 0.3519 0.1164 0.2197
0.2070 0.2887 0.2627 0.2417
0.1963 0.2854 0.2589 0.2594
0.2018 0.2955 0.2661 0.2366

MOTIF filter10
letter-probability matrix: alength= 4 w= 7 nsites= 37911
0.0000 0.0000 0.0000 0.9999
0.3918 0.0610 0.1551 0.3922
0.4085 0.2026 0.3888 0.0000
0.4742 0.0832 0.2256 0.2170
0.2807 0.1968 0.2518 0.2707
0.2800 0.2068 0.2118 0.3014
0.2697 0.2158 0.2122 0.3024

MOTIF filter11
letter-probability matrix: alength= 4 w= 7 nsites= 65809
0.1073 0.6255 0.0442 0.2229
0.1161 0.5545 0.2735 0.0559
0.2147 0.1654 0.4572 0.1627
0.1350 0.3697 0.4953 0.0000
0.2216 0.2984 0.2583 0.2217
0.1934 0.3005 0.2894 0.2167
0.2031 0.2792 0.2677 0.2500

