MEME version 4

ALPHABET= FTIHMS

Background letter frequencies:
F 0.0513 T 0.0513 I 0.1366 H 0.1387 M 0.1092 S 0.5129

MOTIF filter0
letter-probability matrix: alength= 6 w= 7 nsites= 86293
0.0000 0.0001 0.2233 0.0000 0.0002 0.7765
0.0000 0.0013 0.1540 0.0054 0.0485 0.7908
0.0000 0.0045 0.1863 0.0124 0.0872 0.7096
0.0000 0.0103 0.1997 0.0221 0.1253 0.6426
0.0000 0.0178 0.1939 0.0333 0.1508 0.6042
0.0000 0.0266 0.1849 0.0432 0.1637 0.5816
0.0000 0.0372 0.1757 0.0529 0.1667 0.5675

MOTIF filter1
letter-probability matrix: alength= 6 w= 7 nsites= 47412
0.9241 0.0000 0.0000 0.0000 0.0000 0.0758
0.7913 0.0000 0.0000 0.0000 0.0000 0.2087
0.6824 0.0000 0.0067 0.0005 0.0010 0.3094
0.5926 0.0000 0.0241 0.0030 0.0054 0.3748
0.5169 0.0000 0.0470 0.0089 0.0138 0.4135
0.4537 0.0000 0.0682 0.0181 0.0253 0.4346
0.4013 0.0000 0.0874 0.0291 0.0381 0.4440

MOTIF filter2
letter-probability matrix: alength= 6 w= 7 nsites= 666
0.0015 0.0015 0.2798 0.0015 0.7143 0.0015
0.0015 0.0015 0.0015 0.0015 0.0863 0.9077
0.0015 0.0015 0.0015 0.0015 0.0625 0.9315
0.0015 0.0045 0.0878 0.0417 0.0506 0.8140
0.0015 0.0134 0.1384 0.0893 0.0506 0.7068
0.0015 0.0193 0.1622 0.1577 0.0685 0.5908
0.0015 0.0223 0.1488 0.2247 0.0848 0.5179

MOTIF filter3
letter-probability matrix: alength= 6 w= 7 nsites= 23910
0.1252 0.0000 0.0854 0.0000 0.0083 0.7810
0.0000 0.0000 0.0784 0.0159 0.0148 0.8908
0.0000 0.0000 0.1385 0.0377 0.0460 0.7777
0.0000 0.0000 0.1848 0.0634 0.0762 0.6755
0.0000 0.0000 0.2054 0.0890 0.1019 0.6036
0.0000 0.0000 0.2061 0.1066 0.1179 0.5692
0.0000 0.0000 0.1944 0.1202 0.1270 0.5583

MOTIF filter4
letter-probability matrix: alength= 6 w= 7 nsites= 42344
0.7624 0.0000 0.0000 0.0000 0.0000 0.2375
0.6619 0.0000 0.0243 0.0000 0.0014 0.3123
0.5771 0.0000 0.0355 0.0030 0.0062 0.3781
0.5064 0.0000 0.0543 0.0093 0.0149 0.4150
0.4478 0.0000 0.0738 0.0182 0.0266 0.4336
0.3979 0.0000 0.0917 0.0293 0.0394 0.4417
0.3554 0.0000 0.1047 0.0405 0.0515 0.4478

MOTIF filter5
letter-probability matrix: alength= 6 w= 7 nsites= 63861
0.0000 0.1459 0.1198 0.0000 0.7233 0.0109
0.0000 0.1459 0.1307 0.0000 0.6230 0.1003
0.0000 0.1459 0.0863 0.0000 0.5217 0.2461
0.0000 0.1461 0.0663 0.0044 0.4388 0.3444
0.0000 0.1474 0.0650 0.0173 0.3714 0.3988
0.0000 0.1512 0.0713 0.0404 0.3172 0.4199
0.0000 0.1581 0.0796 0.0685 0.2732 0.4207

MOTIF filter6
letter-probability matrix: alength= 6 w= 7 nsites= 712
0.0014 0.1198 0.0014 0.0014 0.4721 0.4039
0.0014 0.1198 0.0014 0.0014 0.3886 0.4875
0.0014 0.1198 0.0446 0.0125 0.3050 0.5167
0.0014 0.1198 0.0780 0.0404 0.2577 0.5028
0.0014 0.1198 0.1156 0.0627 0.2173 0.4833
0.0014 0.1198 0.1100 0.0766 0.1978 0.4944
0.0014 0.1198 0.1267 0.0836 0.1825 0.4861

MOTIF filter7
letter-probability matrix: alength= 6 w= 7 nsites= 199623
0.1373 0.0004 0.0634 0.0589 0.1555 0.5846
0.1223 0.0074 0.0975 0.1184 0.1741 0.4803
0.1073 0.0121 0.1239 0.1444 0.1679 0.4446
0.0948 0.0164 0.1298 0.1624 0.1564 0.4402
0.0842 0.0209 0.1275 0.1640 0.1424 0.4610
0.0752 0.0264 0.1254 0.1582 0.1300 0.4848
0.0677 0.0332 0.1247 0.1550 0.1198 0.4996

MOTIF filter8
letter-probability matrix: alength= 6 w= 7 nsites= 250
0.0039 0.9805 0.0039 0.0039 0.0039 0.0039
0.0039 0.9805 0.0039 0.0039 0.0039 0.0039
0.0039 0.9805 0.0039 0.0039 0.0039 0.0039
0.0039 0.9805 0.0039 0.0039 0.0039 0.0039
0.0039 0.9805 0.0039 0.0039 0.0039 0.0039
0.0039 0.9805 0.0039 0.0039 0.0039 0.0039
0.0039 0.9805 0.0039 0.0039 0.0039 0.0039

MOTIF filter9
letter-probability matrix: alength= 6 w= 7 nsites= 397306
0.1035 0.0398 0.1674 0.1040 0.0477 0.5376
0.0905 0.0450 0.1579 0.1277 0.0379 0.5411
0.0778 0.0479 0.1553 0.1293 0.0500 0.5398
0.0676 0.0523 0.1545 0.1295 0.0636 0.5326
0.0591 0.0579 0.1527 0.1332 0.0749 0.5223
0.0518 0.0646 0.1493 0.1348 0.0832 0.5164
0.0457 0.0727 0.1474 0.1338 0.0894 0.5109

MOTIF filter10
letter-probability matrix: alength= 6 w= 7 nsites= 47442
0.0000 0.0000 0.1613 0.0000 0.8386 0.0000
0.0000 0.0000 0.1613 0.0000 0.8386 0.0000
0.0000 0.0000 0.1107 0.0000 0.7022 0.1871
0.0000 0.0000 0.0780 0.0000 0.5903 0.3316
0.0000 0.0005 0.0693 0.0073 0.4986 0.4244
0.0000 0.0029 0.0741 0.0254 0.4243 0.4732
0.0000 0.0096 0.0843 0.0530 0.3641 0.4889

MOTIF filter11
letter-probability matrix: alength= 6 w= 7 nsites= 744
0.0013 0.0133 0.6053 0.1800 0.1987 0.0013
0.0013 0.0133 0.0560 0.1800 0.1000 0.6493
0.0013 0.0133 0.0307 0.1773 0.0693 0.7080
0.0013 0.0187 0.0813 0.1253 0.0613 0.7120
0.0013 0.0213 0.1120 0.1267 0.0520 0.6867
0.0013 0.0373 0.1213 0.1480 0.1187 0.5733
0.0013 0.0453 0.1213 0.1987 0.1533 0.4800

