MEME version 4

ALPHABET= FTIHMS

Background letter frequencies:
F 0.0514 T 0.0522 I 0.1378 H 0.1380 M 0.1080 S 0.5126

MOTIF filter0
letter-probability matrix: alength= 6 w= 7 nsites= 68079
0.0000 0.0213 0.0000 0.2563 0.7203 0.0021
0.0000 0.0217 0.0000 0.0034 0.7154 0.2595
0.0000 0.0217 0.0000 0.0020 0.5858 0.3905
0.0000 0.0221 0.0324 0.0013 0.4923 0.4518
0.0000 0.0236 0.0579 0.0066 0.4267 0.4853
0.0000 0.0281 0.0768 0.0212 0.3759 0.4979
0.0000 0.0359 0.0894 0.0429 0.3325 0.4992

MOTIF filter1
letter-probability matrix: alength= 6 w= 7 nsites= 35252
0.6906 0.3078 0.0000 0.0000 0.0016 0.0000
0.6906 0.3078 0.0000 0.0000 0.0016 0.0000
0.6021 0.3078 0.0000 0.0000 0.0014 0.0887
0.5273 0.3078 0.0000 0.0000 0.0013 0.1636
0.4626 0.3078 0.0085 0.0006 0.0020 0.2185
0.4069 0.3078 0.0218 0.0028 0.0058 0.2551
0.3595 0.3078 0.0356 0.0072 0.0125 0.2776

MOTIF filter2
letter-probability matrix: alength= 6 w= 7 nsites= 200310
0.2452 0.0542 0.3019 0.0187 0.2465 0.1335
0.2201 0.0542 0.3122 0.0247 0.2532 0.1356
0.1883 0.0542 0.1923 0.0274 0.2107 0.3271
0.1620 0.0543 0.1294 0.0303 0.1781 0.4458
0.1403 0.0557 0.1131 0.0370 0.1561 0.4979
0.1220 0.0589 0.1161 0.0514 0.1413 0.5103
0.1064 0.0650 0.1232 0.0712 0.1331 0.5012

MOTIF filter3
letter-probability matrix: alength= 6 w= 7 nsites= 23660
0.0000 0.0602 0.0000 0.0000 0.0000 0.9397
0.0000 0.0664 0.0000 0.0000 0.0000 0.9334
0.0000 0.0753 0.1642 0.0003 0.1280 0.6321
0.0000 0.0841 0.2077 0.0013 0.1964 0.5104
0.0000 0.0920 0.1943 0.0028 0.2186 0.4923
0.0000 0.0993 0.1747 0.0050 0.2195 0.5014
0.0000 0.1083 0.1634 0.0099 0.2108 0.5076

MOTIF filter4
letter-probability matrix: alength= 6 w= 7 nsites= 103405
0.0000 0.0000 0.0000 0.4841 0.4324 0.0835
0.0000 0.0000 0.0000 0.3911 0.3686 0.2402
0.0000 0.0001 0.0054 0.2923 0.3042 0.3980
0.0000 0.0009 0.0258 0.2278 0.2563 0.4892
0.0000 0.0038 0.0540 0.1875 0.2284 0.5263
0.0000 0.0087 0.0795 0.1685 0.2120 0.5312
0.0000 0.0164 0.0983 0.1589 0.2014 0.5251

MOTIF filter5
letter-probability matrix: alength= 6 w= 7 nsites= 399568
0.0000 0.0283 0.1497 0.1755 0.1157 0.5308
0.0000 0.0301 0.1239 0.1618 0.1158 0.5684
0.0000 0.0360 0.1465 0.1661 0.1251 0.5263
0.0000 0.0420 0.1518 0.1622 0.1287 0.5154
0.0000 0.0485 0.1484 0.1571 0.1283 0.5176
0.0000 0.0562 0.1445 0.1530 0.1263 0.5199
0.0000 0.0657 0.1441 0.1491 0.1244 0.5168

MOTIF filter6
letter-probability matrix: alength= 6 w= 7 nsites= 16333
0.0001 0.9997 0.0001 0.0001 0.0001 0.0001
0.0001 0.9997 0.0001 0.0001 0.0001 0.0001
0.0001 0.9997 0.0001 0.0001 0.0001 0.0001
0.0001 0.9997 0.0001 0.0001 0.0001 0.0001
0.0001 0.9997 0.0001 0.0001 0.0001 0.0001
0.0001 0.9997 0.0001 0.0001 0.0001 0.0001
0.0001 0.9997 0.0001 0.0001 0.0001 0.0001

MOTIF filter7
letter-probability matrix: alength= 6 w= 7 nsites= 575694
0.0064 0.0147 0.1343 0.2400 0.1492 0.4553
0.0055 0.0204 0.1090 0.2368 0.1606 0.4677
0.0046 0.0235 0.1146 0.2137 0.1483 0.4953
0.0040 0.0275 0.1227 0.1930 0.1400 0.5128
0.0035 0.0328 0.1285 0.1736 0.1353 0.5263
0.0029 0.0399 0.1330 0.1579 0.1323 0.5341
0.0025 0.0487 0.1366 0.1485 0.1301 0.5335

MOTIF filter8
letter-probability matrix: alength= 6 w= 7 nsites= 31879
0.0000 0.0611 0.2223 0.0016 0.0332 0.6818
0.0000 0.0611 0.0895 0.0073 0.1030 0.7390
0.0000 0.0652 0.1379 0.0119 0.1394 0.6456
0.0000 0.0709 0.1659 0.0269 0.1621 0.5741
0.0000 0.0796 0.1713 0.0450 0.1697 0.5343
0.0000 0.0887 0.1621 0.0588 0.1687 0.5217
0.0000 0.0994 0.1542 0.0705 0.1658 0.5101

MOTIF filter9
letter-probability matrix: alength= 6 w= 7 nsites= 46773
0.0000 0.2144 0.4390 0.0297 0.0218 0.2952
0.0000 0.2144 0.2342 0.0297 0.0218 0.4999
0.0000 0.2152 0.1808 0.0357 0.0231 0.5451
0.0000 0.2188 0.1720 0.0432 0.0317 0.5343
0.0000 0.2242 0.1685 0.0580 0.0432 0.5060
0.0000 0.2324 0.1678 0.0730 0.0515 0.4753
0.0000 0.2428 0.1618 0.0862 0.0584 0.4508

MOTIF filter10
letter-probability matrix: alength= 6 w= 7 nsites= 45367
0.8097 0.0000 0.0000 0.0000 0.0000 0.1902
0.7141 0.0000 0.0092 0.0006 0.0000 0.2761
0.6185 0.0000 0.0251 0.0031 0.0046 0.3487
0.5376 0.0000 0.0436 0.0084 0.0133 0.3971
0.4688 0.0000 0.0641 0.0162 0.0245 0.4264
0.4107 0.0000 0.0839 0.0256 0.0370 0.4428
0.3605 0.0000 0.0996 0.0363 0.0495 0.4541

MOTIF filter11
letter-probability matrix: alength= 6 w= 7 nsites= 45785
0.0000 0.0000 0.9999 0.0000 0.0000 0.0000
0.0000 0.0000 0.6148 0.0000 0.0000 0.3851
0.0000 0.0000 0.3820 0.0000 0.0000 0.6179
0.0000 0.0014 0.2784 0.0140 0.0039 0.7024
0.0000 0.0070 0.2424 0.0412 0.0142 0.6952
0.0000 0.0165 0.2283 0.0742 0.0278 0.6533
0.0000 0.0298 0.2157 0.1066 0.0408 0.6070

