MEME version 4

ALPHABET= ACGU

Background letter frequencies:
A 0.2468 C 0.2230 G 0.2293 U 0.3009

MOTIF filter0
letter-probability matrix: alength= 4 w= 7 nsites= 10705
0.0001 0.0001 0.0001 0.9997
0.0161 0.0002 0.0003 0.9835
0.0444 0.0161 0.0693 0.8703
0.1262 0.0071 0.0374 0.8294
0.0427 0.0124 0.1370 0.8079
0.0652 0.1085 0.0543 0.7721
0.0579 0.0723 0.1644 0.7054

MOTIF filter1
letter-probability matrix: alength= 4 w= 7 nsites= 45856
0.2202 0.2205 0.2820 0.2773
0.2033 0.0482 0.3291 0.4195
0.5230 0.1037 0.3733 0.0000
0.1282 0.1765 0.3015 0.3939
0.5435 0.0351 0.3968 0.0246
0.2772 0.2095 0.4114 0.1018
0.3060 0.3182 0.3689 0.0069

MOTIF filter2
letter-probability matrix: alength= 4 w= 7 nsites= 16065
0.0151 0.0004 0.0005 0.9840
0.0001 0.0001 0.0001 0.9998
0.0001 0.0001 0.0001 0.9998
0.0001 0.0001 0.0001 0.9998
0.0004 0.0030 0.0004 0.9961
0.0942 0.0652 0.1095 0.7312
0.1776 0.0957 0.0230 0.7037

MOTIF filter3
letter-probability matrix: alength= 4 w= 7 nsites= 19511
0.0271 0.0185 0.0001 0.9543
0.0574 0.0021 0.0254 0.9150
0.0850 0.0236 0.0333 0.8582
0.1389 0.0001 0.0302 0.8309
0.0910 0.0117 0.0279 0.8694
0.0758 0.0190 0.0962 0.8090
0.1987 0.0157 0.0586 0.7270

MOTIF filter4
letter-probability matrix: alength= 4 w= 7 nsites= 28940
0.0154 0.2673 0.0261 0.6912
0.3261 0.1951 0.2890 0.1898
0.2828 0.2003 0.5169 0.0000
0.4036 0.0290 0.2346 0.3327
0.2643 0.1255 0.4116 0.1986
0.3640 0.0553 0.4154 0.1653
0.4707 0.1300 0.3986 0.0007

MOTIF filter5
letter-probability matrix: alength= 4 w= 7 nsites= 19596
0.2268 0.6213 0.1469 0.0049
0.0796 0.3966 0.1797 0.3441
0.1028 0.6824 0.0917 0.1231
0.2949 0.1095 0.1184 0.4772
0.0574 0.4178 0.5247 0.0001
0.1019 0.0748 0.0249 0.7984
0.2901 0.4818 0.2222 0.0059

MOTIF filter6
letter-probability matrix: alength= 4 w= 7 nsites= 7632
0.1293 0.6378 0.1700 0.0630
0.3021 0.3312 0.2854 0.0813
0.5212 0.2235 0.1809 0.0744
0.0073 0.7276 0.2480 0.0170
0.0471 0.8605 0.0258 0.0665
0.1122 0.4656 0.0613 0.3609
0.0676 0.5970 0.3312 0.0042

MOTIF filter7
letter-probability matrix: alength= 4 w= 7 nsites= 11545
0.2158 0.5265 0.0167 0.2410
0.1484 0.4800 0.1253 0.2463
0.5361 0.0201 0.1007 0.3431
0.0988 0.6728 0.1939 0.0345
0.3873 0.3845 0.0037 0.2244
0.1087 0.2867 0.1111 0.4935
0.2125 0.7456 0.0364 0.0055

MOTIF filter8
letter-probability matrix: alength= 4 w= 7 nsites= 14121
0.0817 0.0415 0.0283 0.8485
0.0539 0.0008 0.0001 0.9452
0.0001 0.0001 0.0001 0.9998
0.0001 0.0001 0.0001 0.9998
0.0001 0.0001 0.0036 0.9962
0.0001 0.0001 0.0001 0.9998
0.0578 0.0843 0.1002 0.7576

MOTIF filter9
letter-probability matrix: alength= 4 w= 7 nsites= 24815
0.0767 0.8122 0.1065 0.0046
0.0638 0.6445 0.0395 0.2521
0.1471 0.5504 0.1675 0.1350
0.1407 0.5646 0.2607 0.0340
0.2319 0.3717 0.1896 0.2068
0.1253 0.5429 0.2316 0.1002
0.2308 0.7288 0.0261 0.0143

MOTIF filter10
letter-probability matrix: alength= 4 w= 7 nsites= 2947
0.1294 0.4232 0.0298 0.4175
0.2985 0.0979 0.0030 0.6005
0.0003 0.0003 0.0003 0.9990
0.0003 0.0003 0.0003 0.9990
0.0003 0.0003 0.0003 0.9990
0.0003 0.0003 0.0003 0.9990
0.0003 0.0003 0.0003 0.9990

MOTIF filter11
letter-probability matrix: alength= 4 w= 7 nsites= 13771
0.0001 0.0001 0.0001 0.9998
0.0001 0.0001 0.0001 0.9998
0.0001 0.0001 0.0001 0.9998
0.0001 0.0001 0.0061 0.9938
0.0591 0.0261 0.0335 0.8812
0.1003 0.0587 0.1324 0.7086
0.2225 0.0747 0.0870 0.6158

MOTIF filter12
letter-probability matrix: alength= 4 w= 7 nsites= 27878
0.0972 0.3846 0.5182 0.0000
0.1671 0.3211 0.3368 0.1750
0.0905 0.0422 0.1154 0.7520
0.1266 0.3126 0.5608 0.0000
0.1366 0.3266 0.0245 0.5123
0.2868 0.2923 0.3713 0.0496
0.4546 0.3227 0.2220 0.0006

MOTIF filter13
letter-probability matrix: alength= 4 w= 7 nsites= 20095
0.1357 0.1122 0.0724 0.6796
0.0041 0.0801 0.0003 0.9155
0.0000 0.0000 0.0000 0.9999
0.0000 0.0000 0.0000 0.9999
0.0000 0.0000 0.0000 0.9999
0.0000 0.0053 0.0264 0.9682
0.1060 0.0708 0.1213 0.7018

MOTIF filter14
letter-probability matrix: alength= 4 w= 7 nsites= 6522
0.7941 0.0524 0.0434 0.1102
0.7672 0.0660 0.1666 0.0002
0.4268 0.0771 0.1486 0.3475
0.4925 0.0041 0.0342 0.4692
0.8880 0.0184 0.0818 0.0118
0.5817 0.0323 0.0955 0.2905
0.9085 0.0063 0.0719 0.0133

MOTIF filter15
letter-probability matrix: alength= 4 w= 7 nsites= 24339
0.0343 0.6521 0.3130 0.0006
0.3117 0.2230 0.0587 0.4066
0.0400 0.4596 0.4850 0.0154
0.2275 0.2929 0.1687 0.3109
0.0675 0.4630 0.4173 0.0522
0.1912 0.4095 0.2213 0.1780
0.1481 0.8374 0.0129 0.0016

