MEME version 4

ALPHABET= ACGU

Background letter frequencies:
A 0.2623 C 0.2150 G 0.2173 U 0.3054

MOTIF filter0
letter-probability matrix: alength= 4 w= 7 nsites= 18880
0.3807 0.0202 0.5807 0.0184
0.0017 0.0917 0.8977 0.0089
0.1640 0.3019 0.4896 0.0445
0.1059 0.5254 0.2054 0.1633
0.2484 0.2686 0.2108 0.2723
0.2150 0.2842 0.2877 0.2131
0.2115 0.2693 0.3083 0.2110

MOTIF filter1
letter-probability matrix: alength= 4 w= 7 nsites= 44632
0.3534 0.0412 0.3083 0.2971
0.0248 0.0062 0.9440 0.0250
0.2263 0.1652 0.4302 0.1783
0.2339 0.1107 0.3946 0.2608
0.2467 0.2056 0.3253 0.2224
0.2474 0.2140 0.2887 0.2499
0.2519 0.2148 0.2882 0.2452

MOTIF filter2
letter-probability matrix: alength= 4 w= 7 nsites= 27857
0.2422 0.0955 0.4239 0.2384
0.9756 0.0013 0.0231 0.0000
0.1725 0.0158 0.5545 0.2572
0.5677 0.0364 0.3203 0.0757
0.3093 0.1817 0.2684 0.2406
0.3274 0.1702 0.2443 0.2581
0.2938 0.1901 0.2572 0.2590

MOTIF filter3
letter-probability matrix: alength= 4 w= 7 nsites= 18818
0.0686 0.0001 0.0001 0.9313
0.1292 0.0001 0.0001 0.8707
0.2473 0.0001 0.0001 0.7526
0.2978 0.1042 0.0001 0.5980
0.2559 0.1335 0.1153 0.4953
0.2526 0.1339 0.1206 0.4929
0.2588 0.1391 0.1261 0.4759

MOTIF filter4
letter-probability matrix: alength= 4 w= 7 nsites= 40012
0.2581 0.2195 0.3411 0.1812
0.3752 0.0089 0.2972 0.3187
0.0262 0.0000 0.9448 0.0289
0.0999 0.0589 0.7216 0.1196
0.2594 0.2188 0.3079 0.2139
0.2509 0.2043 0.3078 0.2370
0.2448 0.2052 0.2938 0.2561

MOTIF filter5
letter-probability matrix: alength= 4 w= 7 nsites= 23465
0.1353 0.0982 0.0000 0.7665
0.1303 0.0564 0.0417 0.7716
0.0000 0.0656 0.0000 0.9343
0.0000 0.0733 0.0000 0.9266
0.1974 0.1526 0.1237 0.5264
0.2275 0.1568 0.1193 0.4965
0.2488 0.1503 0.1281 0.4728

MOTIF filter6
letter-probability matrix: alength= 4 w= 7 nsites= 49065
0.2084 0.2352 0.3589 0.1974
0.0183 0.2489 0.6736 0.0591
0.0690 0.4298 0.4924 0.0088
0.1224 0.5896 0.2724 0.0155
0.2337 0.2932 0.2241 0.2490
0.1935 0.2896 0.3154 0.2015
0.2061 0.2810 0.3132 0.1998

MOTIF filter7
letter-probability matrix: alength= 4 w= 7 nsites= 53071
0.0301 0.1395 0.8176 0.0128
0.1866 0.3332 0.4473 0.0329
0.3245 0.2918 0.3629 0.0209
0.2899 0.2148 0.4015 0.0938
0.2370 0.2515 0.3008 0.2107
0.2307 0.2439 0.3017 0.2237
0.2273 0.2486 0.3109 0.2132

MOTIF filter8
letter-probability matrix: alength= 4 w= 7 nsites= 29300
0.1170 0.1054 0.5486 0.2289
0.0048 0.4516 0.5404 0.0032
0.1594 0.6098 0.1946 0.0361
0.0814 0.7319 0.0827 0.1040
0.2499 0.2847 0.2063 0.2592
0.1935 0.2897 0.3165 0.2004
0.2101 0.2821 0.3091 0.1987

MOTIF filter9
letter-probability matrix: alength= 4 w= 7 nsites= 38990
0.0337 0.1047 0.7987 0.0628
0.2765 0.1472 0.3974 0.1788
0.1155 0.0062 0.6720 0.2062
0.0266 0.0892 0.8620 0.0222
0.2463 0.2343 0.3042 0.2152
0.2434 0.2208 0.3076 0.2282
0.2235 0.2144 0.3313 0.2308

MOTIF filter10
letter-probability matrix: alength= 4 w= 7 nsites= 19767
0.0620 0.0001 0.0365 0.9015
0.0420 0.0371 0.0001 0.9208
0.1131 0.0001 0.0001 0.8868
0.1325 0.0673 0.0001 0.8002
0.2192 0.1404 0.1200 0.5204
0.2342 0.1381 0.1177 0.5100
0.2425 0.1399 0.1229 0.4948

MOTIF filter11
letter-probability matrix: alength= 4 w= 7 nsites= 42175
0.4026 0.0218 0.4042 0.1715
0.0928 0.0049 0.8899 0.0124
0.1884 0.1034 0.6725 0.0357
0.4049 0.2150 0.2800 0.1001
0.2711 0.2034 0.3086 0.2169
0.2540 0.2050 0.3079 0.2332
0.2613 0.2058 0.3070 0.2259

