MEME version 4

ALPHABET= ACGU

Background letter frequencies:
A 0.2559 C 0.2315 G 0.2512 U 0.2614

MOTIF filter0
letter-probability matrix: alength= 4 w= 7 nsites= 3324
0.7019 0.0847 0.2130 0.0003
0.7482 0.0159 0.0682 0.1677
0.0595 0.0541 0.8729 0.0135
0.8948 0.0769 0.0231 0.0051
0.4318 0.1701 0.0379 0.3603
0.0099 0.3723 0.5288 0.0889
0.3248 0.2371 0.3570 0.0811

MOTIF filter1
letter-probability matrix: alength= 4 w= 7 nsites= 2418
0.2023 0.2221 0.3171 0.2585
0.1957 0.2118 0.4653 0.1272
0.2048 0.0004 0.4789 0.3159
0.9831 0.0054 0.0004 0.0111
0.1235 0.7948 0.0004 0.0813
0.0004 0.0012 0.9967 0.0017
0.3113 0.0727 0.4480 0.1680

MOTIF filter2
letter-probability matrix: alength= 4 w= 7 nsites= 6967
0.1070 0.7257 0.0221 0.1452
0.0624 0.2809 0.0227 0.6341
0.1222 0.5605 0.0009 0.3165
0.5893 0.0537 0.1624 0.1947
0.1435 0.6863 0.1149 0.0554
0.0585 0.5090 0.0644 0.3681
0.0046 0.5491 0.0001 0.4461

MOTIF filter3
letter-probability matrix: alength= 4 w= 7 nsites= 891
0.0101 0.1575 0.7933 0.0391
0.0011 0.0011 0.9966 0.0011
0.9609 0.0369 0.0011 0.0011
0.4257 0.1966 0.2257 0.1520
0.3218 0.0201 0.6369 0.0212
0.7754 0.0011 0.2101 0.0134
0.6346 0.0011 0.1866 0.1777

MOTIF filter4
letter-probability matrix: alength= 4 w= 7 nsites= 23868
0.2482 0.0018 0.0272 0.7228
0.2314 0.1145 0.1100 0.5440
0.0914 0.0553 0.0000 0.8533
0.3161 0.0273 0.0166 0.6400
0.2770 0.1513 0.0270 0.5447
0.3536 0.0981 0.0457 0.5026
0.2397 0.1237 0.0233 0.6133

MOTIF filter5
letter-probability matrix: alength= 4 w= 7 nsites= 11061
0.6226 0.0362 0.0766 0.2645
0.4353 0.0510 0.1723 0.3413
0.2989 0.1009 0.0833 0.5169
0.1000 0.2082 0.1272 0.5646
0.0281 0.1324 0.0001 0.8394
0.5527 0.2839 0.0202 0.1432
0.4679 0.2485 0.1600 0.1236

MOTIF filter6
letter-probability matrix: alength= 4 w= 7 nsites= 5378
0.1780 0.3904 0.2445 0.1871
0.3621 0.1683 0.2410 0.2285
0.4636 0.0645 0.0002 0.4718
0.0002 0.0851 0.9116 0.0032
0.0452 0.0002 0.9545 0.0002
0.9831 0.0002 0.0002 0.0165
0.3935 0.1271 0.3664 0.1130

MOTIF filter7
letter-probability matrix: alength= 4 w= 7 nsites= 10319
0.8865 0.0007 0.1085 0.0044
0.3266 0.0645 0.4467 0.1623
0.0787 0.3885 0.1744 0.3585
0.1078 0.4245 0.0806 0.3871
0.1455 0.4112 0.0184 0.4249
0.2045 0.4940 0.0831 0.2183
0.4044 0.4454 0.0879 0.0623

MOTIF filter8
letter-probability matrix: alength= 4 w= 7 nsites= 5179
0.1063 0.2497 0.6072 0.0369
0.4798 0.4038 0.0104 0.1059
0.3351 0.0230 0.0550 0.5869
0.0002 0.1275 0.8426 0.0297
0.3201 0.0068 0.6730 0.0002
0.8084 0.0334 0.0002 0.1580
0.1314 0.1268 0.6481 0.0938

MOTIF filter9
letter-probability matrix: alength= 4 w= 7 nsites= 3958
0.7413 0.0003 0.2582 0.0003
0.9763 0.0033 0.0003 0.0202
0.0078 0.0003 0.9917 0.0003
0.8132 0.1843 0.0023 0.0003
0.4043 0.1625 0.2052 0.2279
0.1295 0.1817 0.4715 0.2173
0.3152 0.2201 0.1767 0.2880

MOTIF filter10
letter-probability matrix: alength= 4 w= 7 nsites= 3597
0.9947 0.0047 0.0003 0.0003
0.3335 0.1219 0.4377 0.1069
0.2347 0.2583 0.4368 0.0703
0.4982 0.0378 0.1425 0.3216
0.1627 0.0039 0.7231 0.1102
0.2369 0.0947 0.6423 0.0261
0.6137 0.1116 0.0694 0.2052

MOTIF filter11
letter-probability matrix: alength= 4 w= 7 nsites= 5412
0.0598 0.2299 0.3444 0.3660
0.0002 0.4293 0.0812 0.4893
0.9780 0.0002 0.0212 0.0006
0.0140 0.0478 0.9069 0.0312
0.0246 0.0078 0.7384 0.2293
0.1285 0.2648 0.2698 0.3370
0.2989 0.1488 0.2469 0.3054

MOTIF filter12
letter-probability matrix: alength= 4 w= 7 nsites= 9099
0.0001 0.0001 0.9997 0.0001
0.0001 0.1687 0.6651 0.1661
0.1513 0.0011 0.4024 0.4452
0.0607 0.2582 0.4657 0.2154
0.3447 0.0040 0.3493 0.3020
0.2196 0.1370 0.5633 0.0801
0.3033 0.0511 0.4214 0.2242

MOTIF filter13
letter-probability matrix: alength= 4 w= 7 nsites= 18929
0.0818 0.0688 0.0054 0.8440
0.3488 0.0054 0.0351 0.6107
0.2783 0.0969 0.0198 0.6050
0.3059 0.0789 0.0392 0.5760
0.1588 0.0622 0.0001 0.7790
0.4450 0.0383 0.0592 0.4575
0.3314 0.0674 0.0544 0.5468

MOTIF filter14
letter-probability matrix: alength= 4 w= 7 nsites= 3788
0.3819 0.2508 0.0480 0.3194
0.2669 0.3252 0.1166 0.2914
0.1419 0.2099 0.6474 0.0008
0.6271 0.0770 0.2431 0.0527
0.2851 0.1316 0.4987 0.0847
0.4523 0.0055 0.5419 0.0003
0.9707 0.0084 0.0026 0.0182

MOTIF filter15
letter-probability matrix: alength= 4 w= 7 nsites= 10664
0.5057 0.0032 0.1270 0.3641
0.2954 0.1997 0.0390 0.4660
0.4127 0.0818 0.0142 0.4913
0.3925 0.2220 0.0649 0.3207
0.4262 0.1775 0.1038 0.2925
0.2988 0.1665 0.0929 0.4418
0.4035 0.1864 0.1624 0.2477

