MEME version 4

ALPHABET= FTIHMS

Background letter frequencies:
F 0.0561 T 0.0575 I 0.1315 H 0.1431 M 0.1180 S 0.4938

MOTIF filter0
letter-probability matrix: alength= 6 w= 7 nsites= 63437
0.0000 0.0023 0.0007 0.0006 0.9673 0.0291
0.0000 0.0023 0.0000 0.0006 0.8734 0.1237
0.0000 0.0023 0.0000 0.0006 0.7832 0.2139
0.0000 0.0028 0.0072 0.0044 0.6777 0.3080
0.0000 0.0046 0.0206 0.0164 0.5919 0.3665
0.0000 0.0084 0.0351 0.0382 0.5084 0.4099
0.0000 0.0151 0.0491 0.0665 0.4410 0.4283

MOTIF filter1
letter-probability matrix: alength= 6 w= 7 nsites= 46020
0.8491 0.0000 0.0942 0.0153 0.0000 0.0413
0.8317 0.0000 0.1012 0.0189 0.0013 0.0469
0.7610 0.0000 0.1117 0.0217 0.0021 0.1034
0.6903 0.0000 0.1293 0.0236 0.0018 0.1550
0.6196 0.0000 0.1096 0.0245 0.0022 0.2441
0.5490 0.0000 0.0862 0.0199 0.0052 0.3397
0.4883 0.0001 0.0817 0.0200 0.0117 0.3983

MOTIF filter2
letter-probability matrix: alength= 6 w= 7 nsites= 14561
0.0188 0.0001 0.5298 0.0001 0.3557 0.0956
0.0001 0.0001 0.4404 0.0001 0.3051 0.2543
0.0001 0.0001 0.4692 0.0001 0.2727 0.2579
0.0001 0.0003 0.6244 0.0009 0.2420 0.1324
0.0001 0.0034 0.5094 0.0030 0.1843 0.2997
0.0001 0.0041 0.3335 0.0117 0.1501 0.5007
0.0001 0.0078 0.2458 0.0262 0.1240 0.5963

MOTIF filter4
letter-probability matrix: alength= 6 w= 7 nsites= 108961
0.0000 0.0000 0.0174 0.6243 0.0018 0.3565
0.0000 0.0002 0.0111 0.4913 0.0020 0.4954
0.0000 0.0024 0.0287 0.3927 0.0034 0.5729
0.0000 0.0060 0.0851 0.2985 0.0052 0.6052
0.0000 0.0118 0.1401 0.2477 0.0339 0.5664
0.0000 0.0185 0.1490 0.1968 0.0758 0.5599
0.0000 0.0269 0.1512 0.1631 0.1068 0.5520

MOTIF filter5
letter-probability matrix: alength= 6 w= 7 nsites= 32845
0.0000 0.7361 0.0010 0.0000 0.0011 0.2618
0.0000 0.8434 0.0000 0.0000 0.0000 0.1564
0.0000 0.9700 0.0000 0.0000 0.0000 0.0299
0.0000 0.9998 0.0000 0.0000 0.0000 0.0000
0.0000 0.9998 0.0000 0.0000 0.0000 0.0000
0.0000 0.9998 0.0000 0.0000 0.0000 0.0000
0.0000 0.9998 0.0000 0.0000 0.0000 0.0000

MOTIF filter6
letter-probability matrix: alength= 6 w= 7 nsites= 121791
0.2726 0.0000 0.0054 0.6193 0.0000 0.1027
0.2465 0.0000 0.0000 0.6844 0.0000 0.0691
0.2234 0.0000 0.0004 0.7009 0.0000 0.0752
0.2037 0.0000 0.0050 0.6561 0.0000 0.1351
0.1840 0.0001 0.0156 0.5687 0.0000 0.2316
0.1643 0.0002 0.0212 0.4387 0.0037 0.3718
0.1473 0.0008 0.0400 0.3402 0.0120 0.4597

MOTIF filter7
letter-probability matrix: alength= 6 w= 7 nsites= 63667
0.0842 0.0050 0.2953 0.2010 0.0566 0.3578
0.0831 0.0138 0.1889 0.1331 0.0443 0.5368
0.0825 0.0199 0.1726 0.1386 0.0632 0.5232
0.0825 0.0236 0.2397 0.1550 0.0905 0.4088
0.0825 0.0285 0.1774 0.1650 0.1131 0.4336
0.0711 0.0338 0.1519 0.1423 0.1097 0.4912
0.0613 0.0420 0.1383 0.1368 0.1076 0.5139

MOTIF filter8
letter-probability matrix: alength= 6 w= 7 nsites= 24637
0.0000 0.5783 0.1350 0.0000 0.0000 0.2865
0.0000 0.6562 0.1403 0.0000 0.0097 0.1936
0.0000 0.7303 0.1810 0.0000 0.0315 0.0571
0.0000 0.7724 0.1829 0.0000 0.0315 0.0131
0.0000 0.7855 0.1829 0.0000 0.0315 0.0000
0.0000 0.7855 0.1249 0.0000 0.0249 0.0646
0.0000 0.7855 0.0857 0.0000 0.0200 0.1086

MOTIF filter9
letter-probability matrix: alength= 6 w= 7 nsites= 56454
0.6246 0.0000 0.1259 0.0007 0.0005 0.2482
0.5545 0.0000 0.1225 0.0032 0.0016 0.3182
0.4959 0.0000 0.1518 0.0130 0.0051 0.3342
0.4465 0.0000 0.1467 0.0423 0.0113 0.3532
0.3970 0.0000 0.1348 0.0628 0.0184 0.3869
0.3545 0.0001 0.1245 0.0707 0.0285 0.4217
0.3178 0.0005 0.1229 0.0778 0.0385 0.4424

MOTIF filter10
letter-probability matrix: alength= 6 w= 7 nsites= 113494
0.0000 0.0000 0.1227 0.0144 0.0000 0.8628
0.0000 0.0000 0.2967 0.0187 0.0000 0.6846
0.0000 0.0000 0.4656 0.0105 0.0000 0.5238
0.0000 0.0000 0.4097 0.0042 0.0043 0.5818
0.0000 0.0000 0.2849 0.0154 0.0000 0.6997
0.0000 0.0130 0.2514 0.0527 0.0273 0.6557
0.0000 0.0289 0.2327 0.0907 0.0476 0.6002

MOTIF filter11
letter-probability matrix: alength= 6 w= 7 nsites= 48977
0.0000 0.2968 0.0000 0.7000 0.0000 0.0031
0.0000 0.2985 0.0000 0.6988 0.0000 0.0027
0.0000 0.2988 0.0000 0.5489 0.0000 0.1522
0.0000 0.3001 0.0000 0.4345 0.0000 0.2653
0.0000 0.3013 0.0151 0.3573 0.0029 0.3233
0.0000 0.3022 0.0360 0.2971 0.0120 0.3527
0.0000 0.3049 0.0557 0.2502 0.0282 0.3611

MOTIF filter12
letter-probability matrix: alength= 6 w= 7 nsites= 20903
0.0000 0.0000 0.9395 0.0000 0.0000 0.0603
0.0000 0.0013 0.7630 0.0000 0.0023 0.2333
0.0000 0.0020 0.5899 0.0000 0.0035 0.4046
0.0000 0.0048 0.5284 0.0052 0.0037 0.4577
0.0000 0.0071 0.3830 0.0081 0.0061 0.5957
0.0000 0.0126 0.3021 0.0305 0.0135 0.6413
0.0000 0.0231 0.2592 0.0563 0.0242 0.6371

MOTIF filter13
letter-probability matrix: alength= 6 w= 7 nsites= 13574
0.0015 0.9767 0.0005 0.0001 0.0060 0.0151
0.0015 0.9802 0.0026 0.0001 0.0038 0.0119
0.0001 0.9827 0.0001 0.0001 0.0001 0.0170
0.0001 0.9862 0.0001 0.0001 0.0001 0.0135
0.0001 0.9902 0.0021 0.0074 0.0001 0.0001
0.0001 0.9902 0.0011 0.0074 0.0001 0.0011
0.0001 0.9902 0.0004 0.0074 0.0001 0.0018

MOTIF filter14
letter-probability matrix: alength= 6 w= 7 nsites= 14354
0.0003 0.0001 0.0001 0.0001 0.0679 0.9316
0.0001 0.0001 0.0001 0.0001 0.0007 0.9990
0.0001 0.0001 0.0051 0.0001 0.0013 0.9935
0.0001 0.0001 0.0204 0.0001 0.0066 0.9728
0.0001 0.0012 0.0005 0.0249 0.0176 0.9558
0.0001 0.0256 0.1522 0.1071 0.0749 0.6401
0.0001 0.0452 0.1976 0.1650 0.0978 0.4944

MOTIF filter15
letter-probability matrix: alength= 6 w= 7 nsites= 9111
0.0001 0.0307 0.6614 0.0001 0.0052 0.3025
0.0001 0.0571 0.3327 0.0001 0.0026 0.6073
0.0001 0.0578 0.1611 0.1050 0.0001 0.6759
0.0001 0.0635 0.1143 0.2254 0.0087 0.5880
0.0001 0.0917 0.1208 0.4034 0.0241 0.3599
0.0001 0.0997 0.1125 0.4181 0.0335 0.3361
0.0001 0.1077 0.1049 0.4016 0.0373 0.3485

