MEME version 4

ALPHABET= ACGU

Background letter frequencies:
A 0.2710 C 0.2160 G 0.2158 U 0.2973

MOTIF filter0
letter-probability matrix: alength= 4 w= 7 nsites= 60614
0.0000 0.0000 1.0000 0.0000
0.2988 0.2888 0.1691 0.2434
0.3386 0.1315 0.1510 0.3789
0.0976 0.0828 0.6741 0.1454
0.2519 0.2243 0.2814 0.2424
0.2540 0.2192 0.2668 0.2600
0.2573 0.2118 0.2874 0.2435

MOTIF filter1
letter-probability matrix: alength= 4 w= 7 nsites= 21322
0.3273 0.4186 0.0000 0.2540
0.4474 0.0000 0.0000 0.5525
0.2203 0.5871 0.0000 0.1925
0.5836 0.3904 0.0000 0.0260
0.3263 0.2036 0.1425 0.3277
0.3043 0.2204 0.1626 0.3126
0.2988 0.2154 0.1740 0.3118

MOTIF filter2
letter-probability matrix: alength= 4 w= 7 nsites= 12634
0.1531 0.5260 0.0001 0.3208
0.4352 0.0001 0.0001 0.5646
0.1605 0.2853 0.0001 0.5540
0.3827 0.4113 0.0001 0.2060
0.3095 0.2060 0.1218 0.3627
0.3158 0.1881 0.1609 0.3352
0.2950 0.2021 0.1540 0.3489

MOTIF filter3
letter-probability matrix: alength= 4 w= 7 nsites= 27592
0.4006 0.1128 0.0000 0.4866
0.0000 0.3560 0.0000 0.6439
0.9527 0.0472 0.0000 0.0000
0.4325 0.1154 0.0000 0.4521
0.3528 0.1606 0.1516 0.3350
0.3212 0.1664 0.1466 0.3658
0.3416 0.1701 0.1470 0.3412

MOTIF filter4
letter-probability matrix: alength= 4 w= 7 nsites= 18308
0.4484 0.0432 0.1548 0.3536
0.1733 0.0106 0.7018 0.1144
0.5060 0.1698 0.0296 0.2946
0.5648 0.0142 0.0278 0.3932
0.2702 0.1728 0.2716 0.2854
0.2907 0.1916 0.2276 0.2902
0.2852 0.1878 0.2302 0.2968

MOTIF filter5
letter-probability matrix: alength= 4 w= 7 nsites= 9508
0.2340 0.2648 0.0001 0.5011
0.5943 0.1129 0.0001 0.2927
0.2388 0.1234 0.0001 0.6377
0.0231 0.9767 0.0001 0.0001
0.3434 0.2310 0.0366 0.3891
0.2569 0.2236 0.1706 0.3488
0.2902 0.2140 0.1574 0.3384

MOTIF filter6
letter-probability matrix: alength= 4 w= 7 nsites= 48156
0.0027 0.0000 0.9813 0.0160
0.2389 0.2413 0.2950 0.2248
0.3107 0.0721 0.2873 0.3300
0.0011 0.0000 0.9969 0.0020
0.2546 0.2230 0.2903 0.2321
0.2583 0.2187 0.2788 0.2442
0.2526 0.2082 0.2984 0.2409

MOTIF filter7
letter-probability matrix: alength= 4 w= 7 nsites= 43610
0.0385 0.0792 0.8569 0.0253
0.2778 0.2264 0.2484 0.2474
0.1248 0.1856 0.5398 0.1497
0.2919 0.3185 0.1289 0.2607
0.2366 0.2448 0.2840 0.2347
0.2314 0.2342 0.2964 0.2379
0.2332 0.2386 0.2999 0.2283

MOTIF filter8
letter-probability matrix: alength= 4 w= 7 nsites= 17383
0.2116 0.4697 0.1253 0.1934
0.0166 0.5583 0.4250 0.0001
0.1054 0.4827 0.3341 0.0778
0.0499 0.7897 0.1507 0.0097
0.2345 0.3239 0.1802 0.2614
0.1923 0.2985 0.3166 0.1927
0.1995 0.3155 0.2894 0.1956

MOTIF filter9
letter-probability matrix: alength= 4 w= 7 nsites= 10227
0.0423 0.0058 0.0001 0.9518
0.5969 0.2554 0.0001 0.1476
0.4748 0.2540 0.0001 0.2710
0.3637 0.2358 0.1061 0.2945
0.3185 0.1777 0.1579 0.3459
0.3135 0.1876 0.1654 0.3336
0.3120 0.1894 0.1597 0.3389

MOTIF filter10
letter-probability matrix: alength= 4 w= 7 nsites= 11637
0.9137 0.0001 0.0001 0.0862
0.0173 0.6785 0.0001 0.3041
0.2158 0.2349 0.0001 0.5493
0.7811 0.1989 0.0001 0.0199
0.3190 0.2170 0.1487 0.3154
0.3125 0.2057 0.1761 0.3057
0.3099 0.2030 0.1617 0.3255

MOTIF filter11
letter-probability matrix: alength= 4 w= 7 nsites= 818104
0.2714 0.2142 0.2098 0.3045
0.2753 0.2041 0.2209 0.2998
0.2705 0.2206 0.2080 0.3009
0.2851 0.2139 0.1958 0.3051
0.2720 0.2156 0.2146 0.2977
0.2719 0.2162 0.2135 0.2984
0.2721 0.2156 0.2139 0.2985

