MEME version 4

ALPHABET= FTIHMS

Background letter frequencies:
F 0.0477 T 0.0515 I 0.1385 H 0.1373 M 0.1062 S 0.5189

MOTIF filter0
letter-probability matrix: alength= 6 w= 7 nsites= 150755
0.2880 0.0000 0.1609 0.3090 0.2420 0.0000
0.2687 0.0000 0.1191 0.2436 0.2420 0.1266
0.2276 0.0000 0.0768 0.1777 0.1998 0.3181
0.1941 0.0002 0.0638 0.1334 0.1681 0.4405
0.1664 0.0013 0.0744 0.1055 0.1483 0.5041
0.1435 0.0044 0.0920 0.0945 0.1394 0.5263
0.1242 0.0101 0.1075 0.0928 0.1363 0.5292

MOTIF filter1
letter-probability matrix: alength= 6 w= 7 nsites= 60607
0.0000 0.2146 0.7853 0.0000 0.0000 0.0000
0.0000 0.2146 0.5009 0.0000 0.0000 0.2844
0.0000 0.2146 0.3136 0.0000 0.0000 0.4717
0.0000 0.2160 0.2305 0.0109 0.0031 0.5395
0.0000 0.2199 0.1968 0.0319 0.0115 0.5400
0.0000 0.2274 0.1798 0.0571 0.0229 0.5128
0.0000 0.2382 0.1695 0.0824 0.0337 0.4762

MOTIF filter2
letter-probability matrix: alength= 6 w= 7 nsites= 82860
0.0000 0.0000 0.4390 0.0000 0.0000 0.5610
0.0000 0.0030 0.3657 0.0153 0.0000 0.6159
0.0000 0.0108 0.2932 0.0461 0.0315 0.6184
0.0000 0.0190 0.2567 0.0801 0.0536 0.5907
0.0000 0.0278 0.2313 0.1121 0.0673 0.5615
0.0000 0.0385 0.2064 0.1365 0.0750 0.5436
0.0000 0.0511 0.1850 0.1525 0.0783 0.5330

MOTIF filter3
letter-probability matrix: alength= 6 w= 7 nsites= 130561
0.0000 0.0866 0.0056 0.0000 0.3584 0.5493
0.0000 0.0894 0.0574 0.0036 0.3173 0.5323
0.0000 0.0936 0.0922 0.0377 0.2791 0.4973
0.0000 0.0987 0.1054 0.0730 0.2452 0.4777
0.0000 0.1049 0.1104 0.1085 0.2143 0.4619
0.0000 0.1123 0.1115 0.1403 0.1874 0.4485
0.0000 0.1211 0.1113 0.1618 0.1643 0.4415

MOTIF filter4
letter-probability matrix: alength= 6 w= 7 nsites= 33125
0.0000 0.0003 0.0014 0.0146 0.0659 0.9178
0.0000 0.0056 0.1819 0.0430 0.1006 0.6689
0.0000 0.0106 0.2004 0.0702 0.1271 0.5917
0.0000 0.0165 0.1903 0.1003 0.1369 0.5560
0.0000 0.0228 0.1776 0.1226 0.1380 0.5389
0.0000 0.0304 0.1661 0.1366 0.1351 0.5317
0.0000 0.0407 0.1612 0.1427 0.1356 0.5197

MOTIF filter5
letter-probability matrix: alength= 6 w= 7 nsites= 488193
0.0447 0.0112 0.2036 0.2451 0.1264 0.3690
0.0447 0.0133 0.2584 0.2111 0.1406 0.3319
0.0371 0.0147 0.1791 0.1755 0.1228 0.4708
0.0310 0.0172 0.1434 0.1468 0.1126 0.5491
0.0262 0.0218 0.1388 0.1317 0.1099 0.5717
0.0222 0.0286 0.1414 0.1260 0.1123 0.5694
0.0189 0.0381 0.1453 0.1258 0.1161 0.5557

MOTIF filter6
letter-probability matrix: alength= 6 w= 7 nsites= 49367
0.0000 0.0026 0.8708 0.0000 0.0000 0.1265
0.0000 0.0026 0.7091 0.0000 0.0000 0.2882
0.0000 0.0030 0.4471 0.0042 0.0009 0.5448
0.0000 0.0046 0.3101 0.0168 0.0042 0.6643
0.0000 0.0096 0.2536 0.0414 0.0124 0.6830
0.0000 0.0189 0.2288 0.0721 0.0253 0.6548
0.0000 0.0330 0.2152 0.1033 0.0389 0.6096

MOTIF filter7
letter-probability matrix: alength= 6 w= 7 nsites= 1848
0.0005 0.9973 0.0005 0.0005 0.0005 0.0005
0.0005 0.9973 0.0005 0.0005 0.0005 0.0005
0.0005 0.9973 0.0005 0.0005 0.0005 0.0005
0.0005 0.9973 0.0005 0.0005 0.0005 0.0005
0.0005 0.9973 0.0005 0.0005 0.0005 0.0005
0.0005 0.9973 0.0005 0.0005 0.0005 0.0005
0.0005 0.9973 0.0005 0.0005 0.0005 0.0005

MOTIF filter8
letter-probability matrix: alength= 6 w= 7 nsites= 26649
0.0000 0.0056 0.0000 0.0484 0.0177 0.9282
0.0000 0.0113 0.0000 0.0484 0.0000 0.9402
0.0000 0.0217 0.1463 0.1149 0.0493 0.6678
0.0000 0.0330 0.1949 0.1598 0.0810 0.5313
0.0000 0.0433 0.1922 0.1804 0.0936 0.4903
0.0000 0.0528 0.1712 0.1924 0.0949 0.4887
0.0000 0.0627 0.1579 0.1875 0.0924 0.4994

MOTIF filter9
letter-probability matrix: alength= 6 w= 7 nsites= 129162
0.1940 0.0004 0.0000 0.3854 0.4086 0.0117
0.1672 0.0006 0.0000 0.3120 0.3681 0.1520
0.1446 0.0006 0.0000 0.2322 0.3007 0.3219
0.1256 0.0008 0.0157 0.1765 0.2498 0.4316
0.1094 0.0023 0.0416 0.1365 0.2180 0.4924
0.0954 0.0056 0.0667 0.1176 0.1992 0.5154
0.0835 0.0114 0.0874 0.1108 0.1879 0.5190

MOTIF filter10
letter-probability matrix: alength= 6 w= 7 nsites= 216949
0.0000 0.0123 0.0000 0.0000 0.0000 0.9877
0.0000 0.0235 0.1823 0.0261 0.0780 0.6901
0.0000 0.0338 0.2259 0.0683 0.1196 0.5524
0.0000 0.0424 0.2119 0.0964 0.1330 0.5163
0.0000 0.0502 0.1914 0.1189 0.1334 0.5060
0.0000 0.0587 0.1744 0.1321 0.1283 0.5065
0.0000 0.0692 0.1614 0.1381 0.1211 0.5102

MOTIF filter11
letter-probability matrix: alength= 6 w= 7 nsites= 136675
0.2723 0.0000 0.1135 0.3460 0.2200 0.0483
0.2509 0.0000 0.0845 0.2764 0.2200 0.1681
0.2140 0.0001 0.0594 0.2053 0.1830 0.3382
0.1835 0.0006 0.0576 0.1580 0.1555 0.4448
0.1582 0.0022 0.0724 0.1256 0.1399 0.5017
0.1369 0.0057 0.0911 0.1099 0.1337 0.5227
0.1189 0.0115 0.1086 0.1035 0.1327 0.5249

