MEME version 4

ALPHABET= ACGU

Background letter frequencies:
A 0.2518 C 0.2323 G 0.2426 U 0.2733

MOTIF filter0
letter-probability matrix: alength= 4 w= 7 nsites= 13204
0.4333 0.2246 0.0196 0.3225
0.2080 0.3468 0.1725 0.2727
0.1220 0.4967 0.0911 0.2902
0.0164 0.9105 0.0001 0.0731
0.1327 0.7260 0.0004 0.1409
0.4551 0.3315 0.0019 0.2115
0.1017 0.3183 0.2305 0.3495

MOTIF filter1
letter-probability matrix: alength= 4 w= 7 nsites= 6228
0.2577 0.2779 0.2234 0.2410
0.0002 0.1280 0.8198 0.0520
0.7713 0.0189 0.0002 0.2096
0.1032 0.2853 0.3920 0.2195
0.0042 0.4032 0.5189 0.0737
0.4023 0.0202 0.3017 0.2758
0.1033 0.0748 0.8132 0.0087

MOTIF filter2
letter-probability matrix: alength= 4 w= 7 nsites= 11558
0.1128 0.3182 0.2202 0.3488
0.0059 0.9939 0.0001 0.0001
0.7764 0.0756 0.0001 0.1479
0.3515 0.1640 0.4088 0.0758
0.1058 0.0368 0.5522 0.3053
0.3516 0.4630 0.1664 0.0190
0.4489 0.0807 0.1144 0.3560

MOTIF filter3
letter-probability matrix: alength= 4 w= 7 nsites= 4575
0.8155 0.0009 0.0002 0.1834
0.1607 0.1588 0.6528 0.0277
0.3946 0.5198 0.0852 0.0004
0.5110 0.1249 0.0076 0.3564
0.0002 0.0133 0.9860 0.0004
0.3649 0.1734 0.3112 0.1505
0.4877 0.1422 0.0002 0.3699

MOTIF filter4
letter-probability matrix: alength= 4 w= 7 nsites= 14626
0.4257 0.0979 0.0621 0.4143
0.4380 0.0711 0.0226 0.4683
0.3203 0.3909 0.0276 0.2612
0.7172 0.1508 0.0022 0.1299
0.4442 0.1850 0.0027 0.3681
0.9564 0.0020 0.0090 0.0326
0.6083 0.0491 0.1588 0.1838

MOTIF filter5
letter-probability matrix: alength= 4 w= 7 nsites= 20409
0.3567 0.1149 0.1301 0.3983
0.6125 0.3438 0.0171 0.0266
0.2544 0.1536 0.1312 0.4607
0.4083 0.3591 0.0367 0.1959
0.1607 0.3801 0.0066 0.4527
0.4620 0.5282 0.0023 0.0075
0.3953 0.1486 0.0025 0.4536

MOTIF filter7
letter-probability matrix: alength= 4 w= 7 nsites= 2792
0.2364 0.0050 0.1660 0.5926
0.0089 0.1001 0.8788 0.0122
0.0114 0.0046 0.4206 0.5633
0.2761 0.0637 0.6284 0.0318
0.3637 0.0093 0.3172 0.3097
0.1248 0.0433 0.7028 0.1291
0.0007 0.0036 0.1570 0.8387

MOTIF filter8
letter-probability matrix: alength= 4 w= 7 nsites= 2621
0.0770 0.0366 0.2792 0.6072
0.1672 0.0522 0.0293 0.7512
0.1006 0.2259 0.0019 0.6716
0.0415 0.0590 0.8979 0.0015
0.4834 0.0149 0.2309 0.2709
0.3996 0.3520 0.0038 0.2446
0.1672 0.0008 0.8301 0.0019

MOTIF filter9
letter-probability matrix: alength= 4 w= 7 nsites= 20426
0.0951 0.1612 0.0111 0.7326
0.3530 0.0844 0.0143 0.5483
0.4543 0.0583 0.0188 0.4686
0.3410 0.1439 0.1086 0.4066
0.6740 0.0546 0.0024 0.2690
0.4200 0.0452 0.0284 0.5065
0.5837 0.1917 0.0175 0.2071

MOTIF filter10
letter-probability matrix: alength= 4 w= 7 nsites= 3248
0.0046 0.4167 0.5470 0.0317
0.3023 0.4327 0.2042 0.0609
0.5627 0.0071 0.1971 0.2331
0.0028 0.2786 0.6903 0.0283
0.3862 0.1608 0.4486 0.0043
0.6851 0.0003 0.0003 0.3143
0.0009 0.2688 0.6836 0.0467

MOTIF filter11
letter-probability matrix: alength= 4 w= 7 nsites= 7265
0.1614 0.1640 0.5109 0.1637
0.0132 0.1533 0.5042 0.3293
0.2075 0.0336 0.6826 0.0764
0.2299 0.0645 0.6233 0.0823
0.0543 0.0001 0.9254 0.0201
0.2944 0.1180 0.5572 0.0304
0.0913 0.0157 0.5100 0.3830

MOTIF filter12
letter-probability matrix: alength= 4 w= 7 nsites= 6237
0.3644 0.5041 0.0002 0.1314
0.3408 0.5828 0.0699 0.0066
0.3179 0.2575 0.0003 0.4243
0.4978 0.2102 0.2415 0.0505
0.3685 0.2985 0.2245 0.1085
0.0383 0.4881 0.4642 0.0095
0.1936 0.0662 0.0010 0.7393

MOTIF filter13
letter-probability matrix: alength= 4 w= 7 nsites= 2694
0.4559 0.0675 0.0208 0.4559
0.4429 0.1360 0.0749 0.3462
0.0156 0.9526 0.0289 0.0030
0.5345 0.1557 0.1586 0.1512
0.1549 0.0267 0.6416 0.1768
0.0241 0.4844 0.0612 0.4303
0.3136 0.0812 0.1824 0.4229

MOTIF filter14
letter-probability matrix: alength= 4 w= 7 nsites= 10795
0.2773 0.0014 0.6595 0.0618
0.0001 0.1541 0.8386 0.0072
0.0002 0.0420 0.8104 0.1473
0.0073 0.8434 0.1254 0.0239
0.1274 0.2275 0.1098 0.5352
0.0669 0.4151 0.4528 0.0652
0.2403 0.3272 0.3797 0.0529

MOTIF filter15
letter-probability matrix: alength= 4 w= 7 nsites= 17277
0.0002 0.8544 0.0718 0.0737
0.1689 0.6607 0.0001 0.1704
0.0895 0.3861 0.0030 0.5214
0.2818 0.4220 0.0178 0.2784
0.2792 0.3918 0.0275 0.3016
0.0410 0.3568 0.0259 0.5763
0.2852 0.3511 0.0961 0.2675

