MEME version 4

ALPHABET= ACGU

Background letter frequencies:
A 0.2678 C 0.2208 G 0.2454 U 0.2660

MOTIF filter0
letter-probability matrix: alength= 4 w= 7 nsites= 9641
0.9185 0.0001 0.0813 0.0001
0.9997 0.0001 0.0001 0.0001
0.0001 0.4965 0.5033 0.0001
0.5082 0.1963 0.1694 0.1261
0.3231 0.2064 0.2266 0.2439
0.2705 0.2134 0.3170 0.1992
0.3333 0.1819 0.2529 0.2319

MOTIF filter1
letter-probability matrix: alength= 4 w= 7 nsites= 6060
0.0002 0.6878 0.0002 0.3118
0.0002 0.0002 0.9995 0.0002
0.6720 0.0002 0.1893 0.1385
0.5066 0.2261 0.2014 0.0660
0.2874 0.1720 0.3311 0.2094
0.3074 0.1989 0.2632 0.2305
0.2553 0.2561 0.2564 0.2322

MOTIF filter2
letter-probability matrix: alength= 4 w= 7 nsites= 38210
0.2078 0.1349 0.1045 0.5528
0.0959 0.2890 0.0887 0.5264
0.0776 0.0321 0.0531 0.8372
0.0585 0.1093 0.0000 0.8322
0.2089 0.1908 0.1754 0.4249
0.2342 0.1918 0.1657 0.4084
0.2460 0.1857 0.1714 0.3969

MOTIF filter3
letter-probability matrix: alength= 4 w= 7 nsites= 48428
0.4048 0.4973 0.0000 0.0979
0.4556 0.2213 0.0349 0.2882
0.2522 0.2150 0.0176 0.5153
0.1967 0.3766 0.0536 0.3730
0.2697 0.2354 0.1573 0.3376
0.2525 0.2350 0.1846 0.3279
0.2655 0.2265 0.1892 0.3188

MOTIF filter4
letter-probability matrix: alength= 4 w= 7 nsites= 11646
0.0076 0.0001 0.9759 0.0164
0.9997 0.0001 0.0001 0.0001
0.3227 0.4339 0.0001 0.2433
0.0001 0.2039 0.6279 0.1681
0.3503 0.1988 0.2440 0.2069
0.2798 0.2100 0.2710 0.2392
0.2552 0.1938 0.3632 0.1878

MOTIF filter5
letter-probability matrix: alength= 4 w= 7 nsites= 3963
0.7877 0.0003 0.2117 0.0003
0.5034 0.0252 0.4290 0.0423
0.0595 0.0003 0.8984 0.0418
0.0741 0.0792 0.4931 0.3537
0.2755 0.1805 0.3242 0.2198
0.2753 0.2203 0.2740 0.2304
0.2569 0.2077 0.2886 0.2468

MOTIF filter6
letter-probability matrix: alength= 4 w= 7 nsites= 11422
0.2438 0.6839 0.0001 0.0722
0.3933 0.0882 0.5184 0.0001
0.0001 0.2136 0.7862 0.0001
0.0257 0.3973 0.3681 0.2089
0.1962 0.3001 0.2752 0.2285
0.1976 0.2785 0.3261 0.1978
0.2153 0.2900 0.3200 0.1747

MOTIF filter7
letter-probability matrix: alength= 4 w= 7 nsites= 44121
0.2082 0.3428 0.2304 0.2187
0.0000 0.7161 0.0000 0.2838
0.0889 0.6022 0.0083 0.3006
0.0757 0.4859 0.0000 0.4384
0.2162 0.3081 0.1848 0.2908
0.2136 0.2871 0.2193 0.2800
0.2217 0.2962 0.2163 0.2658

MOTIF filter8
letter-probability matrix: alength= 4 w= 7 nsites= 3952
0.2219 0.1580 0.5733 0.0468
0.0827 0.0061 0.9110 0.0003
0.9992 0.0003 0.0003 0.0003
0.1585 0.3253 0.4426 0.0736
0.2770 0.2040 0.3544 0.1646
0.3584 0.1949 0.2149 0.2318
0.2548 0.2118 0.3231 0.2103

MOTIF filter9
letter-probability matrix: alength= 4 w= 7 nsites= 5648
0.1106 0.0002 0.8891 0.0002
0.0002 0.0283 0.9131 0.0584
0.0002 0.0479 0.7369 0.2150
0.0212 0.3724 0.3450 0.2613
0.2113 0.2443 0.3031 0.2413
0.1879 0.2413 0.3763 0.1944
0.2415 0.2144 0.3508 0.1932

MOTIF filter10
letter-probability matrix: alength= 4 w= 7 nsites= 5412
0.4522 0.1329 0.3648 0.0500
0.0002 0.0002 0.9941 0.0055
0.9802 0.0002 0.0194 0.0002
0.3833 0.3794 0.0196 0.2177
0.2860 0.1918 0.3331 0.1891
0.3419 0.2042 0.2290 0.2249
0.2930 0.1950 0.2554 0.2566

MOTIF filter11
letter-probability matrix: alength= 4 w= 7 nsites= 15012
0.8438 0.0053 0.0320 0.1189
0.1320 0.0988 0.7692 0.0001
0.4120 0.3209 0.2670 0.0001
0.5874 0.0001 0.0023 0.4102
0.2406 0.1719 0.4036 0.1839
0.2956 0.2142 0.2807 0.2096
0.3194 0.1864 0.2371 0.2571

