MEME version 4

ALPHABET= FTIHMS

Background letter frequencies:
F 0.0507 T 0.0522 I 0.1394 H 0.1371 M 0.1073 S 0.5133

MOTIF filter0
letter-probability matrix: alength= 6 w= 7 nsites= 22749
0.0000 0.6720 0.0000 0.2472 0.0010 0.0796
0.0000 0.7024 0.0141 0.2726 0.0010 0.0098
0.0000 0.7081 0.0000 0.2726 0.0000 0.0192
0.0000 0.7122 0.0000 0.2173 0.0000 0.0704
0.0000 0.7136 0.0000 0.0853 0.0000 0.2010
0.0000 0.7149 0.0349 0.0550 0.0138 0.1813
0.0000 0.7156 0.0502 0.0385 0.0213 0.1743

MOTIF filter1
letter-probability matrix: alength= 6 w= 7 nsites= 831429
0.0591 0.0212 0.1516 0.1295 0.0940 0.5445
0.0511 0.0228 0.1616 0.1308 0.0929 0.5409
0.0444 0.0266 0.1632 0.1321 0.0927 0.5410
0.0382 0.0310 0.1572 0.1365 0.0918 0.5453
0.0330 0.0357 0.1572 0.1363 0.0913 0.5466
0.0287 0.0430 0.1531 0.1413 0.0943 0.5395
0.0251 0.0522 0.1520 0.1442 0.0971 0.5292

MOTIF filter2
letter-probability matrix: alength= 6 w= 7 nsites= 75369
0.4799 0.0000 0.1394 0.0149 0.0231 0.3427
0.4287 0.0000 0.0883 0.0149 0.0049 0.4632
0.3730 0.0000 0.0219 0.0011 0.0048 0.5992
0.3162 0.0000 0.0020 0.0009 0.0002 0.6806
0.2765 0.0000 0.0263 0.0085 0.0020 0.6867
0.2428 0.0088 0.1158 0.0479 0.0372 0.5475
0.2144 0.0170 0.1468 0.0791 0.0595 0.4832

MOTIF filter3
letter-probability matrix: alength= 6 w= 7 nsites= 35138
0.0000 0.0000 0.8646 0.0795 0.0000 0.0558
0.0000 0.0000 0.6552 0.0258 0.0000 0.3189
0.0000 0.0000 0.5223 0.0000 0.0000 0.4776
0.0000 0.0003 0.4440 0.0051 0.0014 0.5493
0.0000 0.0020 0.5063 0.0217 0.0175 0.4525
0.0000 0.0066 0.3458 0.0395 0.0221 0.5860
0.0000 0.0141 0.2582 0.0591 0.0282 0.6403

MOTIF filter4
letter-probability matrix: alength= 6 w= 7 nsites= 23312
0.0000 0.0000 0.3683 0.0000 0.0014 0.6302
0.0000 0.0000 0.0793 0.0000 0.0003 0.9202
0.0000 0.0000 0.0259 0.0000 0.0000 0.9740
0.0000 0.0000 0.0000 0.0000 0.0000 0.9998
0.0000 0.0010 0.5647 0.0000 0.0777 0.3565
0.0000 0.0120 0.3777 0.0237 0.0803 0.5063
0.0000 0.0215 0.2571 0.0410 0.0769 0.6035

MOTIF filter5
letter-probability matrix: alength= 6 w= 7 nsites= 61233
0.0000 0.0000 0.0322 0.0045 0.7125 0.2508
0.0000 0.0021 0.0364 0.0045 0.6251 0.3319
0.0000 0.0079 0.0537 0.0044 0.5470 0.3870
0.0000 0.0095 0.0006 0.0012 0.4637 0.5250
0.0000 0.0148 0.0171 0.0256 0.3978 0.5447
0.0000 0.0245 0.0672 0.0717 0.3441 0.4925
0.0000 0.0365 0.0875 0.1157 0.2948 0.4655

MOTIF filter6
letter-probability matrix: alength= 6 w= 7 nsites= 40335
0.6944 0.0000 0.0401 0.0120 0.0007 0.2527
0.6221 0.0000 0.0616 0.0154 0.0000 0.3008
0.5593 0.0000 0.0602 0.0225 0.0000 0.3580
0.5061 0.0000 0.1111 0.0407 0.0022 0.3399
0.4530 0.0000 0.1181 0.0498 0.0006 0.3785
0.3999 0.0000 0.1067 0.0548 0.0154 0.4232
0.3546 0.0001 0.1083 0.0586 0.0292 0.4492

MOTIF filter7
letter-probability matrix: alength= 6 w= 7 nsites= 71198
0.0000 0.0000 0.0000 0.4216 0.5224 0.0559
0.0000 0.0000 0.0000 0.4277 0.5354 0.0369
0.0000 0.0000 0.0000 0.3289 0.4800 0.1911
0.0000 0.0000 0.0141 0.2552 0.4243 0.3064
0.0000 0.0004 0.0260 0.2071 0.3728 0.3937
0.0000 0.0021 0.0436 0.1685 0.3194 0.4664
0.0000 0.0070 0.0641 0.1479 0.2830 0.4980

MOTIF filter8
letter-probability matrix: alength= 6 w= 7 nsites= 11932
0.0001 0.0001 0.0266 0.0052 0.4730 0.4951
0.0001 0.0001 0.0032 0.0001 0.6071 0.3895
0.0001 0.0001 0.0001 0.0222 0.7063 0.2712
0.0001 0.0006 0.1605 0.0277 0.7474 0.0637
0.0001 0.0006 0.1618 0.0312 0.7627 0.0436
0.0001 0.0006 0.0891 0.0299 0.6182 0.2621
0.0001 0.0008 0.0586 0.0250 0.4963 0.4192

MOTIF filter9
letter-probability matrix: alength= 6 w= 7 nsites= 77892
0.4625 0.0000 0.0000 0.0000 0.4822 0.0552
0.4227 0.0000 0.0000 0.0000 0.4695 0.1078
0.3833 0.0000 0.0030 0.0000 0.4018 0.2118
0.3448 0.0000 0.0068 0.0003 0.3499 0.2981
0.3064 0.0000 0.0388 0.0135 0.3110 0.3303
0.2679 0.0010 0.0476 0.0235 0.2685 0.3916
0.2353 0.0036 0.0594 0.0385 0.2346 0.4286

MOTIF filter10
letter-probability matrix: alength= 6 w= 7 nsites= 47851
0.0000 0.2703 0.2490 0.4088 0.0000 0.0717
0.0000 0.2714 0.2570 0.3979 0.0000 0.0736
0.0000 0.2716 0.2864 0.3979 0.0000 0.0440
0.0000 0.2719 0.3264 0.4016 0.0000 0.0000
0.0000 0.2719 0.2617 0.4016 0.0000 0.0648
0.0000 0.2719 0.1643 0.3097 0.0000 0.2541
0.0000 0.2721 0.1125 0.2423 0.0004 0.3727

MOTIF filter11
letter-probability matrix: alength= 6 w= 7 nsites= 367049
0.0526 0.0387 0.0841 0.1372 0.1034 0.5839
0.0430 0.0431 0.1288 0.1517 0.1003 0.5333
0.0364 0.0449 0.1376 0.1653 0.0946 0.5211
0.0336 0.0484 0.1460 0.1757 0.0880 0.5083
0.0301 0.0562 0.1432 0.1913 0.0884 0.4908
0.0255 0.0634 0.1441 0.1849 0.0939 0.4883
0.0216 0.0716 0.1404 0.1777 0.0950 0.4937

MOTIF filter12
letter-probability matrix: alength= 6 w= 7 nsites= 106634
0.0041 0.0000 0.2319 0.0003 0.0535 0.7102
0.0000 0.0000 0.0141 0.0003 0.0383 0.9473
0.0000 0.0000 0.0000 0.0048 0.0032 0.9920
0.0000 0.0000 0.0619 0.0159 0.0071 0.9151
0.0000 0.0014 0.2460 0.0903 0.0488 0.6134
0.0000 0.0163 0.2455 0.1339 0.0794 0.5249
0.0000 0.0286 0.2153 0.1642 0.0893 0.5025

MOTIF filter13
letter-probability matrix: alength= 6 w= 7 nsites= 5499
0.0002 0.0029 0.0002 0.0463 0.0002 0.9502
0.0002 0.0202 0.1813 0.0002 0.0002 0.7980
0.0002 0.0632 0.3026 0.0002 0.2532 0.3806
0.0002 0.0787 0.4876 0.0002 0.4332 0.0002
0.0002 0.0787 0.4876 0.0002 0.4332 0.0002
0.0002 0.0787 0.2647 0.0002 0.3411 0.3152
0.0002 0.0787 0.1500 0.0002 0.2707 0.5003

MOTIF filter14
letter-probability matrix: alength= 6 w= 7 nsites= 92247
0.0000 0.0000 0.1503 0.0000 0.0000 0.8496
0.0000 0.0000 0.1345 0.0000 0.0318 0.8337
0.0000 0.0000 0.1988 0.0064 0.0114 0.7833
0.0000 0.0017 0.0700 0.0125 0.0056 0.9101
0.0000 0.0035 0.1737 0.0505 0.0061 0.7663
0.0000 0.0199 0.2126 0.0979 0.0471 0.6224
0.0000 0.0365 0.2107 0.1332 0.0703 0.5493

MOTIF filter15
letter-probability matrix: alength= 6 w= 7 nsites= 746023
0.0664 0.0177 0.1494 0.1693 0.1269 0.4703
0.0560 0.0183 0.1285 0.1578 0.1222 0.5172
0.0489 0.0188 0.0786 0.1551 0.1111 0.5876
0.0419 0.0227 0.0752 0.1490 0.0953 0.6159
0.0368 0.0293 0.1197 0.1563 0.1009 0.5569
0.0320 0.0379 0.1396 0.1590 0.1084 0.5231
0.0280 0.0477 0.1424 0.1589 0.1121 0.5109

