MEME version 4

ALPHABET= ACGU

Background letter frequencies:
A 0.2659 C 0.2152 G 0.2263 U 0.2926

MOTIF filter0
letter-probability matrix: alength= 4 w= 7 nsites= 29572
0.0691 0.1560 0.0379 0.7369
0.1309 0.1209 0.0527 0.6955
0.0256 0.0965 0.0450 0.8330
0.0825 0.0453 0.0152 0.8569
0.2097 0.1691 0.1746 0.4466
0.2395 0.1702 0.1568 0.4335
0.2494 0.1685 0.1658 0.4162

MOTIF filter1
letter-probability matrix: alength= 4 w= 7 nsites= 25991
0.4828 0.0867 0.0512 0.3793
0.6747 0.0035 0.1136 0.2082
0.9246 0.0638 0.0044 0.0072
0.6733 0.0627 0.0645 0.1995
0.3975 0.1390 0.1840 0.2796
0.3835 0.1520 0.1687 0.2958
0.3788 0.1505 0.1698 0.3009

MOTIF filter2
letter-probability matrix: alength= 4 w= 7 nsites= 7992
0.5548 0.0441 0.0599 0.3412
0.9095 0.0204 0.0083 0.0619
0.1113 0.2084 0.1131 0.5673
0.6797 0.0068 0.0405 0.2730
0.3042 0.1334 0.2264 0.3360
0.3077 0.1633 0.2005 0.3285
0.3205 0.1775 0.1681 0.3339

MOTIF filter3
letter-probability matrix: alength= 4 w= 7 nsites= 23177
0.0198 0.5304 0.4498 0.0000
0.0296 0.4338 0.5143 0.0224
0.2936 0.4203 0.1518 0.1342
0.0028 0.3468 0.5979 0.0525
0.2170 0.2745 0.3000 0.2085
0.1987 0.2805 0.3194 0.2014
0.1906 0.2804 0.3257 0.2033

MOTIF filter4
letter-probability matrix: alength= 4 w= 7 nsites= 20944
0.3103 0.1679 0.0069 0.5148
0.1065 0.0488 0.2638 0.5809
0.0000 0.2123 0.0000 0.7876
0.1769 0.0000 0.2290 0.5940
0.2498 0.1776 0.2293 0.3434
0.2885 0.1925 0.1831 0.3359
0.2902 0.1851 0.1875 0.3372

MOTIF filter5
letter-probability matrix: alength= 4 w= 7 nsites= 17699
0.2167 0.3425 0.3255 0.1153
0.0008 0.7260 0.1843 0.0889
0.0256 0.8152 0.1504 0.0088
0.1133 0.6168 0.1838 0.0860
0.2193 0.3239 0.2153 0.2415
0.1870 0.3175 0.3119 0.1836
0.1960 0.3187 0.2951 0.1903

MOTIF filter6
letter-probability matrix: alength= 4 w= 7 nsites= 19479
0.0379 0.7960 0.0653 0.1008
0.0360 0.8733 0.0605 0.0302
0.1843 0.6522 0.0753 0.0882
0.1816 0.5076 0.1485 0.1622
0.2245 0.3288 0.2238 0.2230
0.2070 0.3297 0.2501 0.2132
0.1878 0.3450 0.2417 0.2255

MOTIF filter7
letter-probability matrix: alength= 4 w= 7 nsites= 25859
0.1706 0.5912 0.1193 0.1189
0.0478 0.5801 0.3399 0.0322
0.2379 0.3454 0.3476 0.0691
0.0539 0.4810 0.4334 0.0318
0.2038 0.3381 0.2321 0.2260
0.1948 0.3169 0.2906 0.1977
0.1905 0.3208 0.2797 0.2089

MOTIF filter8
letter-probability matrix: alength= 4 w= 7 nsites= 11608
0.0001 0.0001 0.0903 0.9095
0.1716 0.0001 0.0428 0.7855
0.6560 0.0001 0.0307 0.3132
0.9303 0.0258 0.0437 0.0001
0.3694 0.1487 0.1857 0.2962
0.3427 0.1643 0.1691 0.3239
0.3145 0.1653 0.1753 0.3448

MOTIF filter9
letter-probability matrix: alength= 4 w= 7 nsites= 6938
0.0498 0.0039 0.0001 0.9461
0.0101 0.0001 0.8212 0.1685
0.1430 0.3230 0.0001 0.5339
0.7077 0.0001 0.1868 0.1053
0.2697 0.1766 0.2829 0.2708
0.2723 0.2116 0.1959 0.3202
0.2470 0.2215 0.2113 0.3201

MOTIF filter10
letter-probability matrix: alength= 4 w= 7 nsites= 18201
0.4282 0.0001 0.3798 0.1919
0.7902 0.2097 0.0001 0.0001
0.2205 0.3671 0.0001 0.4123
0.1232 0.0187 0.1584 0.6998
0.2404 0.1888 0.2209 0.3498
0.2693 0.2035 0.1772 0.3500
0.2875 0.1829 0.1965 0.3330

MOTIF filter11
letter-probability matrix: alength= 4 w= 7 nsites= 30684
0.0700 0.0000 0.0270 0.9030
0.1292 0.3287 0.0000 0.5421
0.1447 0.0278 0.0000 0.8275
0.1504 0.0000 0.1546 0.6951
0.2348 0.1592 0.1809 0.4252
0.2722 0.1616 0.1630 0.4032
0.2755 0.1564 0.1690 0.3990

