MEME version 4

ALPHABET= ACGU

Background letter frequencies:
A 0.2597 C 0.2268 G 0.2301 U 0.2834

MOTIF filter0
letter-probability matrix: alength= 4 w= 7 nsites= 3030
0.3708 0.1760 0.2182 0.2350
0.0003 0.2100 0.0003 0.7894
0.0003 0.0003 0.9990 0.0003
0.0003 0.9812 0.0181 0.0003
0.3223 0.2785 0.0517 0.3474
0.2591 0.1955 0.2690 0.2765
0.2601 0.2162 0.2367 0.2871

MOTIF filter1
letter-probability matrix: alength= 4 w= 7 nsites= 8184
0.4546 0.0033 0.0998 0.4424
0.0001 0.3352 0.6645 0.0001
0.2926 0.2846 0.1913 0.2316
0.5888 0.0001 0.0001 0.4110
0.2149 0.2323 0.3086 0.2441
0.2395 0.2626 0.2259 0.2720
0.2450 0.2462 0.2219 0.2869

MOTIF filter2
letter-probability matrix: alength= 4 w= 7 nsites= 5493
0.0002 0.3156 0.2598 0.4244
0.0024 0.2045 0.6749 0.1182
0.1039 0.4020 0.1974 0.2967
0.4037 0.1304 0.3842 0.0817
0.2647 0.2059 0.2487 0.2807
0.2736 0.2487 0.2174 0.2603
0.2701 0.2068 0.2281 0.2949

MOTIF filter3
letter-probability matrix: alength= 4 w= 7 nsites= 3983
0.1264 0.2240 0.5016 0.1480
0.0306 0.3022 0.1026 0.5646
0.8891 0.0003 0.1104 0.0003
0.0662 0.7923 0.0045 0.1369
0.2563 0.2894 0.1387 0.3155
0.2558 0.2363 0.2493 0.2586
0.2496 0.2511 0.2282 0.2711

MOTIF filter4
letter-probability matrix: alength= 4 w= 7 nsites= 9676
0.0001 0.8713 0.0001 0.1285
0.6573 0.0001 0.0296 0.3129
0.5444 0.0975 0.0001 0.3580
0.0527 0.5046 0.0132 0.4294
0.2995 0.2202 0.1456 0.3347
0.2738 0.2102 0.1898 0.3262
0.2737 0.2420 0.1936 0.2907

MOTIF filter5
letter-probability matrix: alength= 4 w= 7 nsites= 22313
0.5402 0.0000 0.0544 0.4054
0.0000 0.2148 0.7851 0.0000
0.3565 0.2564 0.3834 0.0036
0.1084 0.4406 0.3195 0.1315
0.2668 0.2426 0.2430 0.2477
0.2245 0.2524 0.3004 0.2227
0.2512 0.2264 0.2782 0.2442

MOTIF filter6
letter-probability matrix: alength= 4 w= 7 nsites= 9982
0.5693 0.0001 0.0001 0.4305
0.0001 0.2871 0.7127 0.0001
0.2323 0.3524 0.4152 0.0001
0.0683 0.8362 0.0174 0.0781
0.2838 0.2564 0.1614 0.2984
0.2141 0.2547 0.3207 0.2105
0.2321 0.2446 0.2964 0.2268

MOTIF filter7
letter-probability matrix: alength= 4 w= 7 nsites= 3898
0.0994 0.1153 0.0003 0.7850
0.1256 0.1240 0.0003 0.7501
0.3388 0.2299 0.0003 0.4311
0.1281 0.3573 0.0466 0.4680
0.2819 0.2171 0.1566 0.3444
0.2635 0.1858 0.1991 0.3516
0.2714 0.2050 0.1884 0.3352

MOTIF filter8
letter-probability matrix: alength= 4 w= 7 nsites= 3400
0.0758 0.2004 0.3693 0.3546
0.0165 0.0147 0.1636 0.8052
0.4921 0.0003 0.0003 0.5073
0.0878 0.1410 0.0003 0.7709
0.2471 0.2165 0.2004 0.3361
0.2700 0.2203 0.1810 0.3287
0.2735 0.2095 0.1983 0.3187

MOTIF filter9
letter-probability matrix: alength= 4 w= 7 nsites= 31898
0.5460 0.2580 0.0000 0.1960
0.5734 0.0543 0.0000 0.3722
0.3246 0.1785 0.0000 0.4969
0.7615 0.1872 0.0085 0.0428
0.3641 0.1756 0.1557 0.3046
0.3650 0.1694 0.1711 0.2945
0.3516 0.1791 0.1649 0.3045

MOTIF filter10
letter-probability matrix: alength= 4 w= 7 nsites= 25892
0.2659 0.0281 0.3674 0.3387
0.1285 0.1795 0.2993 0.3927
0.1044 0.0578 0.1761 0.6617
0.0852 0.1270 0.2122 0.5755
0.2297 0.2004 0.2568 0.3131
0.2607 0.2021 0.2386 0.2986
0.2532 0.1917 0.2516 0.3034

MOTIF filter11
letter-probability matrix: alength= 4 w= 7 nsites= 3431
0.0757 0.0070 0.5013 0.4160
0.1907 0.0824 0.5790 0.1479
0.0576 0.6294 0.0454 0.2675
0.0926 0.1505 0.3878 0.3691
0.2242 0.2291 0.2550 0.2917
0.2140 0.2812 0.2332 0.2716
0.2483 0.2076 0.2606 0.2836

