MEME version 4

ALPHABET= FTIHMS

Background letter frequencies:
F 0.0492 T 0.0518 I 0.1391 H 0.1379 M 0.1073 S 0.5147

MOTIF filter0
letter-probability matrix: alength= 6 w= 7 nsites= 265066
0.0425 0.0224 0.1340 0.1618 0.0839 0.5554
0.0403 0.0256 0.1321 0.1428 0.0990 0.5601
0.0334 0.0282 0.1356 0.1568 0.0992 0.5469
0.0277 0.0324 0.1426 0.1565 0.1022 0.5386
0.0235 0.0385 0.1438 0.1508 0.1059 0.5374
0.0199 0.0457 0.1443 0.1460 0.1080 0.5361
0.0168 0.0542 0.1458 0.1429 0.1082 0.5321

MOTIF filter1
letter-probability matrix: alength= 6 w= 7 nsites= 226157
0.0000 0.0000 0.0000 0.0000 0.0000 1.0000
0.0000 0.0087 0.0883 0.0368 0.0594 0.8068
0.0000 0.0196 0.1936 0.0903 0.1098 0.5868
0.0000 0.0286 0.2100 0.1271 0.1311 0.5032
0.0000 0.0368 0.1951 0.1512 0.1343 0.4827
0.0000 0.0446 0.1768 0.1615 0.1298 0.4874
0.0000 0.0537 0.1623 0.1622 0.1231 0.4986

MOTIF filter2
letter-probability matrix: alength= 6 w= 7 nsites= 185281
0.0000 0.0827 0.1773 0.0529 0.1731 0.5141
0.0000 0.0852 0.1041 0.0219 0.1933 0.5955
0.0000 0.0884 0.1132 0.0410 0.1766 0.5808
0.0000 0.0937 0.1359 0.0681 0.1688 0.5334
0.0000 0.1006 0.1434 0.0897 0.1610 0.5053
0.0000 0.1086 0.1418 0.1099 0.1512 0.4885
0.0000 0.1178 0.1392 0.1237 0.1415 0.4777

MOTIF filter3
letter-probability matrix: alength= 6 w= 7 nsites= 14929
0.0001 0.9997 0.0001 0.0001 0.0001 0.0001
0.0001 0.9997 0.0001 0.0001 0.0001 0.0001
0.0001 0.9997 0.0001 0.0001 0.0001 0.0001
0.0001 0.9997 0.0001 0.0001 0.0001 0.0001
0.0001 0.9997 0.0001 0.0001 0.0001 0.0001
0.0001 0.9997 0.0001 0.0001 0.0001 0.0001
0.0001 0.9997 0.0001 0.0001 0.0001 0.0001

MOTIF filter4
letter-probability matrix: alength= 6 w= 7 nsites= 11503
0.0001 0.9996 0.0001 0.0001 0.0001 0.0001
0.0001 0.9996 0.0001 0.0001 0.0001 0.0001
0.0001 0.9996 0.0001 0.0001 0.0001 0.0001
0.0001 0.9996 0.0001 0.0001 0.0001 0.0001
0.0001 0.9996 0.0001 0.0001 0.0001 0.0001
0.0001 0.9996 0.0001 0.0001 0.0001 0.0001
0.0001 0.9996 0.0001 0.0001 0.0001 0.0001

MOTIF filter5
letter-probability matrix: alength= 6 w= 7 nsites= 122992
0.3403 0.0746 0.0000 0.2263 0.3588 0.0000
0.3403 0.0746 0.0000 0.2263 0.3063 0.0525
0.2883 0.0746 0.0000 0.1691 0.2532 0.2147
0.2460 0.0748 0.0037 0.1284 0.2102 0.3369
0.2112 0.0756 0.0210 0.1067 0.1777 0.4078
0.1818 0.0777 0.0441 0.0967 0.1566 0.4430
0.1570 0.0817 0.0658 0.0958 0.1444 0.4552

MOTIF filter6
letter-probability matrix: alength= 6 w= 7 nsites= 248016
0.0554 0.0134 0.2199 0.3168 0.0558 0.3388
0.0431 0.0151 0.0993 0.3303 0.1096 0.4026
0.0357 0.0177 0.0933 0.2871 0.1003 0.4658
0.0296 0.0212 0.1033 0.2479 0.0946 0.5033
0.0251 0.0257 0.1142 0.2140 0.0915 0.5295
0.0213 0.0313 0.1239 0.1899 0.0923 0.5413
0.0179 0.0389 0.1309 0.1712 0.0953 0.5458

MOTIF filter7
letter-probability matrix: alength= 6 w= 7 nsites= 159430
0.0000 0.0000 0.1729 0.0082 0.0000 0.8189
0.0000 0.0000 0.0000 0.0000 0.0062 0.9938
0.0000 0.0117 0.1354 0.0604 0.0554 0.7370
0.0000 0.0238 0.1979 0.1147 0.0865 0.5771
0.0000 0.0354 0.2010 0.1537 0.0996 0.5103
0.0000 0.0464 0.1870 0.1806 0.1024 0.4836
0.0000 0.0578 0.1700 0.1890 0.1004 0.4829

MOTIF filter8
letter-probability matrix: alength= 6 w= 7 nsites= 48220
0.0000 0.0004 0.5880 0.0000 0.0000 0.4115
0.0000 0.0004 0.3561 0.0000 0.0000 0.6435
0.0000 0.0027 0.2692 0.0188 0.0112 0.6980
0.0000 0.0083 0.2377 0.0465 0.0294 0.6782
0.0000 0.0171 0.2202 0.0780 0.0484 0.6363
0.0000 0.0282 0.2059 0.1067 0.0645 0.5947
0.0000 0.0409 0.1952 0.1275 0.0757 0.5608

MOTIF filter9
letter-probability matrix: alength= 6 w= 7 nsites= 37466
0.9032 0.0000 0.0000 0.0000 0.0000 0.0967
0.8066 0.0000 0.0000 0.0000 0.0000 0.1933
0.6926 0.0000 0.0087 0.0009 0.0010 0.2967
0.5959 0.0000 0.0249 0.0036 0.0055 0.3700
0.5146 0.0000 0.0458 0.0092 0.0140 0.4164
0.4457 0.0000 0.0682 0.0175 0.0251 0.4436
0.3869 0.0000 0.0888 0.0275 0.0373 0.4594

MOTIF filter10
letter-probability matrix: alength= 6 w= 7 nsites= 81932
0.0000 0.0000 0.0000 0.4620 0.5380 0.0000
0.0000 0.0000 0.0000 0.3397 0.4592 0.2011
0.0000 0.0000 0.0000 0.2538 0.3796 0.3666
0.0000 0.0004 0.0198 0.1928 0.3192 0.4679
0.0000 0.0021 0.0472 0.1594 0.2758 0.5154
0.0000 0.0066 0.0731 0.1422 0.2479 0.5301
0.0000 0.0141 0.0927 0.1367 0.2288 0.5277

MOTIF filter11
letter-probability matrix: alength= 6 w= 7 nsites= 10630
0.0001 0.9995 0.0001 0.0001 0.0001 0.0001
0.0001 0.9995 0.0001 0.0001 0.0001 0.0001
0.0001 0.9995 0.0001 0.0001 0.0001 0.0001
0.0001 0.9995 0.0001 0.0001 0.0001 0.0001
0.0001 0.9995 0.0001 0.0001 0.0001 0.0001
0.0001 0.9995 0.0001 0.0001 0.0001 0.0001
0.0001 0.9995 0.0001 0.0001 0.0001 0.0001

