MEME version 4

ALPHABET= ACGU

Background letter frequencies:
A 0.2559 C 0.2288 G 0.2348 U 0.2806

MOTIF filter0
letter-probability matrix: alength= 4 w= 7 nsites= 20234
0.0057 0.8932 0.0851 0.0159
0.9999 0.0000 0.0000 0.0000
0.0000 0.0705 0.6371 0.2924
0.4377 0.1528 0.3984 0.0110
0.2665 0.2474 0.2615 0.2245
0.2603 0.2186 0.2540 0.2672
0.2319 0.2537 0.2726 0.2418

MOTIF filter1
letter-probability matrix: alength= 4 w= 7 nsites= 7136
0.0001 0.1209 0.0001 0.8789
0.2322 0.0990 0.2129 0.4559
0.0601 0.6366 0.1279 0.1755
0.0001 0.0001 0.0055 0.9943
0.1885 0.1839 0.3004 0.3272
0.2591 0.1972 0.2160 0.3277
0.2634 0.2179 0.2078 0.3108

MOTIF filter2
letter-probability matrix: alength= 4 w= 7 nsites= 43891
0.0061 0.6819 0.1991 0.1129
0.0823 0.4878 0.1630 0.2669
0.0391 0.4535 0.2441 0.2633
0.1474 0.5159 0.0523 0.2844
0.2267 0.3091 0.2071 0.2572
0.1999 0.3083 0.2454 0.2465
0.1967 0.3131 0.2319 0.2583

MOTIF filter3
letter-probability matrix: alength= 4 w= 7 nsites= 52932
0.2597 0.3284 0.1034 0.3085
0.0301 0.7183 0.2516 0.0000
0.2335 0.3865 0.2209 0.1590
0.2062 0.6168 0.1532 0.0239
0.2350 0.3230 0.1971 0.2448
0.2009 0.3078 0.2709 0.2203
0.2037 0.3117 0.2595 0.2251

MOTIF filter4
letter-probability matrix: alength= 4 w= 7 nsites= 12746
0.5320 0.0001 0.0001 0.4678
0.0878 0.0442 0.4336 0.4343
0.0535 0.0147 0.0001 0.9318
0.2723 0.0195 0.0227 0.6855
0.2056 0.1483 0.1838 0.4624
0.2488 0.1531 0.1477 0.4504
0.2564 0.1401 0.1787 0.4249

MOTIF filter5
letter-probability matrix: alength= 4 w= 7 nsites= 32623
0.0349 0.4295 0.0000 0.5355
0.3154 0.3459 0.3386 0.0000
0.0000 0.0316 0.2820 0.6864
0.0389 0.2395 0.6720 0.0496
0.2332 0.2628 0.2393 0.2647
0.2174 0.2635 0.2696 0.2495
0.2098 0.2671 0.2617 0.2614

MOTIF filter6
letter-probability matrix: alength= 4 w= 7 nsites= 27843
0.0000 0.0048 0.0210 0.9741
0.0757 0.0139 0.2300 0.6803
0.2247 0.0952 0.0355 0.6446
0.4517 0.0227 0.0000 0.5255
0.2441 0.1673 0.2040 0.3846
0.2528 0.1887 0.1658 0.3928
0.2492 0.1897 0.1700 0.3910

MOTIF filter7
letter-probability matrix: alength= 4 w= 7 nsites= 26659
0.2076 0.0351 0.6382 0.1191
0.2031 0.0131 0.7621 0.0217
0.1399 0.1298 0.5842 0.1461
0.4706 0.2689 0.2228 0.0378
0.2738 0.1995 0.3138 0.2128
0.2623 0.2027 0.3258 0.2092
0.2565 0.2100 0.3131 0.2204

MOTIF filter8
letter-probability matrix: alength= 4 w= 7 nsites= 20217
0.8291 0.0011 0.0000 0.1697
0.4634 0.0763 0.3835 0.0769
0.3815 0.2131 0.0000 0.4053
0.2413 0.0364 0.0000 0.7223
0.2836 0.1741 0.2191 0.3232
0.2900 0.1892 0.1823 0.3385
0.2993 0.1817 0.1953 0.3236

MOTIF filter9
letter-probability matrix: alength= 4 w= 7 nsites= 33164
0.1215 0.0251 0.8126 0.0408
0.1265 0.2075 0.6495 0.0165
0.2430 0.3313 0.4067 0.0190
0.2095 0.2737 0.2779 0.2389
0.2388 0.2228 0.3179 0.2204
0.2342 0.2237 0.3283 0.2137
0.2289 0.2151 0.3488 0.2072

MOTIF filter10
letter-probability matrix: alength= 4 w= 7 nsites= 9776
0.8962 0.0001 0.0230 0.0807
0.0347 0.6089 0.0100 0.3464
0.5359 0.0864 0.0001 0.3776
0.3882 0.0377 0.1207 0.4534
0.3010 0.1821 0.2245 0.2923
0.2975 0.2112 0.1749 0.3163
0.3222 0.1653 0.1891 0.3234

MOTIF filter11
letter-probability matrix: alength= 4 w= 7 nsites= 9222
0.5350 0.0054 0.0435 0.4161
0.0001 0.6282 0.0001 0.3716
0.8855 0.0001 0.0764 0.0379
0.2659 0.3373 0.0396 0.3573
0.3272 0.1955 0.1729 0.3044
0.2999 0.2026 0.1939 0.3036
0.3148 0.1982 0.1814 0.3055

