MEME version 4

ALPHABET= FTIHMS

Background letter frequencies:
F 0.0490 T 0.0512 I 0.1392 H 0.1381 M 0.1095 S 0.5130

MOTIF filter0
letter-probability matrix: alength= 6 w= 7 nsites= 77129
0.0000 0.0003 0.0007 0.4545 0.5366 0.0078
0.0000 0.0007 0.0001 0.2724 0.4623 0.2646
0.0000 0.0014 0.0000 0.1373 0.3981 0.4631
0.0000 0.0039 0.0287 0.0426 0.3498 0.5750
0.0000 0.0071 0.0663 0.0034 0.3253 0.5979
0.0000 0.0130 0.0978 0.0182 0.3012 0.5698
0.0000 0.0218 0.1168 0.0360 0.2784 0.5469

MOTIF filter1
letter-probability matrix: alength= 6 w= 7 nsites= 152864
0.0000 0.0086 0.1792 0.0000 0.0833 0.7289
0.0000 0.0187 0.0000 0.0000 0.0492 0.9321
0.0000 0.0318 0.0516 0.0000 0.0000 0.9166
0.0000 0.0521 0.2831 0.0000 0.0090 0.6558
0.0000 0.0652 0.2314 0.0000 0.0000 0.7033
0.0000 0.0795 0.2258 0.0457 0.0335 0.6156
0.0000 0.0946 0.2158 0.0876 0.0537 0.5484

MOTIF filter2
letter-probability matrix: alength= 6 w= 7 nsites= 28397
0.5910 0.3770 0.0000 0.0014 0.0011 0.0294
0.5902 0.3770 0.0000 0.0064 0.0061 0.0203
0.5894 0.3770 0.0000 0.0152 0.0168 0.0016
0.5894 0.3770 0.0000 0.0160 0.0168 0.0008
0.5281 0.3770 0.0000 0.0167 0.0168 0.0614
0.4667 0.3770 0.0000 0.0139 0.0134 0.1289
0.4150 0.3770 0.0052 0.0103 0.0116 0.1808

MOTIF filter3
letter-probability matrix: alength= 6 w= 7 nsites= 63316
0.0000 0.0000 0.0000 0.0000 0.9972 0.0028
0.0000 0.0000 0.0000 0.0000 0.9904 0.0095
0.0000 0.0000 0.0000 0.0000 0.9053 0.0946
0.0000 0.0000 0.0076 0.0000 0.7916 0.2007
0.0000 0.0004 0.0096 0.0041 0.6517 0.3343
0.0000 0.0021 0.0210 0.0156 0.5375 0.4237
0.0000 0.0067 0.0388 0.0376 0.4475 0.4695

MOTIF filter4
letter-probability matrix: alength= 6 w= 7 nsites= 115163
0.0000 0.0000 0.1511 0.5563 0.0057 0.2868
0.0000 0.0000 0.1179 0.3919 0.0144 0.4758
0.0000 0.0000 0.0264 0.2570 0.0166 0.7000
0.0000 0.0000 0.0311 0.1653 0.0200 0.7836
0.0000 0.0005 0.1148 0.1057 0.0636 0.7154
0.0000 0.0091 0.1627 0.0937 0.1033 0.6311
0.0000 0.0202 0.1741 0.0865 0.1313 0.5880

MOTIF filter5
letter-probability matrix: alength= 6 w= 7 nsites= 237646
0.0000 0.0000 0.4256 0.0000 0.0304 0.5440
0.0000 0.0000 0.3426 0.0000 0.0008 0.6566
0.0000 0.0000 0.3001 0.0000 0.0000 0.6999
0.0000 0.0000 0.2072 0.0000 0.0001 0.7927
0.0000 0.0033 0.0721 0.0031 0.0022 0.9194
0.0000 0.0207 0.1635 0.0573 0.0412 0.7172
0.0000 0.0408 0.2031 0.1067 0.0673 0.5821

MOTIF filter6
letter-probability matrix: alength= 6 w= 7 nsites= 18491
0.0001 0.5019 0.4979 0.0001 0.0001 0.0001
0.0001 0.5019 0.4661 0.0001 0.0001 0.0319
0.0001 0.5019 0.4469 0.0001 0.0001 0.0510
0.0001 0.5022 0.3757 0.0074 0.0001 0.1146
0.0001 0.5046 0.3053 0.0273 0.0009 0.1618
0.0001 0.5048 0.2054 0.0301 0.0014 0.2583
0.0001 0.5059 0.1508 0.0365 0.0028 0.3039

MOTIF filter7
letter-probability matrix: alength= 6 w= 7 nsites= 71435
0.4947 0.0000 0.0000 0.0000 0.5038 0.0015
0.4918 0.0000 0.0000 0.0000 0.5019 0.0063
0.4542 0.0004 0.0000 0.0000 0.4333 0.1120
0.4133 0.0009 0.0000 0.0000 0.3730 0.2129
0.3641 0.0022 0.0000 0.0039 0.3258 0.3039
0.3150 0.0035 0.0212 0.0133 0.2746 0.3724
0.2741 0.0064 0.0408 0.0284 0.2351 0.4152

MOTIF filter8
letter-probability matrix: alength= 6 w= 7 nsites= 128077
0.0000 0.0000 0.0103 0.0000 0.0036 0.9861
0.0000 0.0000 0.1730 0.0000 0.0022 0.8248
0.0000 0.0028 0.2677 0.0014 0.0081 0.7200
0.0000 0.0061 0.1997 0.0121 0.0148 0.7671
0.0000 0.0113 0.0621 0.0554 0.0074 0.8638
0.0000 0.0285 0.1476 0.1092 0.0449 0.6698
0.0000 0.0479 0.1861 0.1578 0.0685 0.5397

MOTIF filter9
letter-probability matrix: alength= 6 w= 7 nsites= 52702
0.0000 0.0000 0.9137 0.0000 0.0000 0.0862
0.0000 0.0000 0.8565 0.0000 0.0000 0.1434
0.0000 0.0000 0.8057 0.0000 0.0000 0.1942
0.0000 0.0000 0.7259 0.0323 0.0132 0.2285
0.0000 0.0000 0.5213 0.0389 0.0190 0.4207
0.0000 0.0014 0.3352 0.0476 0.0171 0.5988
0.0000 0.0065 0.2544 0.0648 0.0222 0.6521

MOTIF filter10
letter-probability matrix: alength= 6 w= 7 nsites= 63505
0.4103 0.1476 0.0028 0.3745 0.0094 0.0554
0.4099 0.1476 0.0001 0.4299 0.0044 0.0081
0.4096 0.1476 0.0000 0.4149 0.0000 0.0278
0.4096 0.1477 0.0000 0.4223 0.0000 0.0203
0.4096 0.1488 0.0118 0.3747 0.0031 0.0520
0.3543 0.1488 0.0056 0.2783 0.0025 0.2104
0.3083 0.1488 0.0080 0.2122 0.0029 0.3199

MOTIF filter11
letter-probability matrix: alength= 6 w= 7 nsites= 91287
0.0000 0.0000 0.0000 0.9999 0.0000 0.0000
0.0000 0.0000 0.0000 0.9999 0.0000 0.0000
0.0000 0.0000 0.0000 0.9679 0.0000 0.0321
0.0000 0.0000 0.0000 0.7467 0.0000 0.2532
0.0000 0.0000 0.0000 0.5502 0.0052 0.4445
0.0000 0.0008 0.0342 0.3997 0.0162 0.5490
0.0000 0.0031 0.0721 0.2939 0.0336 0.5972

MOTIF filter12
letter-probability matrix: alength= 6 w= 7 nsites= 762131
0.0313 0.0026 0.1689 0.1203 0.1431 0.5337
0.0249 0.0028 0.1517 0.1209 0.1409 0.5587
0.0213 0.0050 0.1740 0.1171 0.1401 0.5425
0.0173 0.0069 0.1737 0.1288 0.1327 0.5406
0.0145 0.0109 0.1632 0.1352 0.1302 0.5461
0.0121 0.0185 0.1557 0.1408 0.1276 0.5453
0.0102 0.0282 0.1528 0.1453 0.1258 0.5378

MOTIF filter13
letter-probability matrix: alength= 6 w= 7 nsites= 250737
0.0000 0.0000 0.2797 0.0288 0.0000 0.6915
0.0000 0.0000 0.3347 0.0247 0.0021 0.6384
0.0000 0.0000 0.2467 0.0000 0.0007 0.7526
0.0000 0.0021 0.1173 0.0015 0.0016 0.8775
0.0000 0.0131 0.0403 0.0252 0.0146 0.9067
0.0000 0.0304 0.1498 0.0707 0.0622 0.6868
0.0000 0.0497 0.1916 0.1103 0.0916 0.5567

MOTIF filter14
letter-probability matrix: alength= 6 w= 7 nsites= 21911
0.0000 0.4256 0.5266 0.0000 0.0000 0.0476
0.0000 0.4267 0.5067 0.0000 0.0000 0.0664
0.0000 0.4309 0.4190 0.0000 0.0000 0.1499
0.0000 0.4313 0.3589 0.0062 0.0013 0.2023
0.0000 0.4330 0.3203 0.0097 0.0052 0.2318
0.0000 0.4343 0.2184 0.0179 0.0064 0.3230
0.0000 0.4377 0.1617 0.0285 0.0094 0.3627

MOTIF filter15
letter-probability matrix: alength= 6 w= 7 nsites= 693391
0.0628 0.0271 0.1305 0.1031 0.1184 0.5582
0.0531 0.0310 0.1310 0.1069 0.1240 0.5539
0.0480 0.0359 0.1426 0.1289 0.1244 0.5202
0.0436 0.0407 0.1497 0.1453 0.1248 0.4959
0.0375 0.0464 0.1483 0.1391 0.1238 0.5048
0.0325 0.0532 0.1414 0.1412 0.1190 0.5127
0.0282 0.0617 0.1394 0.1425 0.1146 0.5135

