MEME version 4

ALPHABET= ACGU

Background letter frequencies:
A 0.2581 C 0.2225 G 0.2232 U 0.2962

MOTIF filter0
letter-probability matrix: alength= 4 w= 7 nsites= 22365
0.3246 0.5882 0.0521 0.0351
0.1221 0.0593 0.3732 0.4454
0.1434 0.1858 0.6418 0.0290
0.0429 0.1188 0.6786 0.1596
0.2101 0.2938 0.2526 0.2436
0.2131 0.2664 0.2584 0.2621
0.2174 0.2700 0.2725 0.2401

MOTIF filter1
letter-probability matrix: alength= 4 w= 7 nsites= 18703
0.1612 0.0413 0.0001 0.7975
0.0961 0.0937 0.0327 0.7775
0.1084 0.0388 0.0001 0.8528
0.0482 0.0457 0.0001 0.9061
0.1654 0.1395 0.1034 0.5917
0.1975 0.1460 0.0992 0.5573
0.2139 0.1419 0.1143 0.5299

MOTIF filter2
letter-probability matrix: alength= 4 w= 7 nsites= 32275
0.1443 0.0589 0.7536 0.0432
0.1320 0.0375 0.6148 0.2156
0.1199 0.0963 0.7627 0.0212
0.1504 0.0565 0.6755 0.1175
0.2293 0.2253 0.3360 0.2094
0.2371 0.2104 0.3268 0.2258
0.2285 0.2144 0.3363 0.2208

MOTIF filter3
letter-probability matrix: alength= 4 w= 7 nsites= 40771
0.1584 0.0716 0.6990 0.0710
0.2463 0.2361 0.3248 0.1928
0.3118 0.1148 0.2865 0.2868
0.1010 0.0676 0.7601 0.0713
0.2475 0.2204 0.3129 0.2192
0.2475 0.2222 0.3099 0.2204
0.2347 0.2043 0.3138 0.2472

MOTIF filter4
letter-probability matrix: alength= 4 w= 7 nsites= 35115
0.0505 0.7456 0.1937 0.0102
0.0573 0.5395 0.2253 0.1779
0.1344 0.6826 0.1829 0.0000
0.1699 0.3547 0.3532 0.1223
0.2070 0.2991 0.2974 0.1965
0.1984 0.2961 0.3085 0.1970
0.1892 0.3097 0.2845 0.2166

MOTIF filter5
letter-probability matrix: alength= 4 w= 7 nsites= 14061
0.0243 0.1524 0.0001 0.8232
0.1943 0.0001 0.0001 0.8055
0.1393 0.0001 0.0001 0.8606
0.0356 0.0207 0.0001 0.9436
0.1728 0.1377 0.1096 0.5800
0.1957 0.1395 0.1069 0.5579
0.2159 0.1391 0.1113 0.5337

MOTIF filter6
letter-probability matrix: alength= 4 w= 7 nsites= 42983
0.3509 0.3486 0.1840 0.1165
0.4545 0.1530 0.1246 0.2679
0.1021 0.0450 0.8018 0.0511
0.3370 0.1515 0.3460 0.1654
0.2541 0.2135 0.3080 0.2244
0.2552 0.2074 0.3018 0.2356
0.2496 0.2269 0.2654 0.2581

MOTIF filter7
letter-probability matrix: alength= 4 w= 7 nsites= 18583
0.0474 0.0001 0.0001 0.9525
0.1519 0.0001 0.0261 0.8219
0.0648 0.0390 0.0001 0.8961
0.0695 0.0363 0.0001 0.8942
0.1777 0.1344 0.1039 0.5840
0.2022 0.1379 0.1009 0.5590
0.2191 0.1372 0.1163 0.5274

MOTIF filter8
letter-probability matrix: alength= 4 w= 7 nsites= 21999
0.2381 0.0219 0.5858 0.1542
0.5442 0.2685 0.1270 0.0602
0.2311 0.1193 0.3918 0.2578
0.0042 0.0678 0.8195 0.1084
0.2366 0.2320 0.3066 0.2248
0.2376 0.2068 0.3147 0.2408
0.2386 0.2107 0.3276 0.2232

MOTIF filter9
letter-probability matrix: alength= 4 w= 7 nsites= 38308
0.0219 0.0229 0.9308 0.0243
0.0140 0.0368 0.9323 0.0169
0.1795 0.2535 0.3846 0.1824
0.1842 0.3148 0.3375 0.1635
0.2316 0.2419 0.2731 0.2533
0.2358 0.2473 0.2842 0.2327
0.2260 0.2419 0.3034 0.2287

MOTIF filter10
letter-probability matrix: alength= 4 w= 7 nsites= 58580
0.0000 0.0000 0.9999 0.0000
0.3496 0.2738 0.1928 0.1838
0.3853 0.1711 0.4349 0.0087
0.3351 0.1290 0.4324 0.1036
0.2667 0.2241 0.2682 0.2410
0.2658 0.2161 0.2662 0.2518
0.2610 0.2127 0.2922 0.2341

MOTIF filter11
letter-probability matrix: alength= 4 w= 7 nsites= 48645
0.1940 0.0494 0.6058 0.1509
0.0299 0.0198 0.9298 0.0205
0.2531 0.1267 0.4204 0.1997
0.1587 0.1750 0.5604 0.1058
0.2423 0.2282 0.2908 0.2386
0.2383 0.2399 0.2835 0.2382
0.2438 0.2186 0.2968 0.2408

