MEME version 4

ALPHABET= FTIHMS

Background letter frequencies:
F 0.0497 T 0.0510 I 0.1362 H 0.1398 M 0.1093 S 0.5139

MOTIF filter0
letter-probability matrix: alength= 6 w= 7 nsites= 203563
0.0000 0.0000 0.0409 0.0283 0.0451 0.8857
0.0000 0.0000 0.0000 0.0000 0.0086 0.9914
0.0000 0.0000 0.0681 0.0414 0.0269 0.8637
0.0000 0.0065 0.1119 0.0983 0.0629 0.7204
0.0000 0.0168 0.1484 0.1423 0.0759 0.6166
0.0000 0.0313 0.1736 0.1818 0.0927 0.5206
0.0000 0.0456 0.1706 0.2016 0.0983 0.4839

MOTIF filter1
letter-probability matrix: alength= 6 w= 7 nsites= 19363
0.0001 0.9654 0.0001 0.0001 0.0001 0.0344
0.0001 0.9828 0.0001 0.0001 0.0001 0.0170
0.0001 0.9997 0.0001 0.0001 0.0001 0.0001
0.0001 0.9997 0.0001 0.0001 0.0001 0.0001
0.0001 0.9997 0.0001 0.0001 0.0001 0.0001
0.0001 0.9997 0.0001 0.0001 0.0001 0.0001
0.0001 0.9997 0.0001 0.0001 0.0001 0.0001

MOTIF filter2
letter-probability matrix: alength= 6 w= 7 nsites= 54659
0.1424 0.0048 0.2866 0.0000 0.3536 0.2127
0.1005 0.0111 0.3124 0.0000 0.3384 0.2376
0.0470 0.0119 0.0487 0.0000 0.0547 0.8377
0.0000 0.0125 0.0534 0.0000 0.0001 0.9341
0.0000 0.0150 0.0147 0.0001 0.0002 0.9700
0.0000 0.0257 0.1317 0.0564 0.0309 0.7553
0.0000 0.0397 0.1855 0.1160 0.0558 0.6030

MOTIF filter3
letter-probability matrix: alength= 6 w= 7 nsites= 704608
0.0133 0.0051 0.1282 0.1788 0.1020 0.5726
0.0089 0.0061 0.1079 0.1757 0.0941 0.6073
0.0089 0.0113 0.1376 0.1765 0.1036 0.5622
0.0059 0.0174 0.1535 0.1731 0.1001 0.5501
0.0051 0.0244 0.1450 0.1724 0.0922 0.5609
0.0043 0.0327 0.1481 0.1705 0.0981 0.5463
0.0037 0.0427 0.1497 0.1678 0.1012 0.5350

MOTIF filter4
letter-probability matrix: alength= 6 w= 7 nsites= 58871
0.0000 0.2484 0.0000 0.7510 0.0000 0.0005
0.0000 0.2487 0.0000 0.7508 0.0000 0.0004
0.0000 0.2490 0.0000 0.6340 0.0000 0.1170
0.0000 0.2491 0.0000 0.5437 0.0000 0.2071
0.0000 0.2492 0.0120 0.4133 0.0000 0.3255
0.0000 0.2499 0.0288 0.3124 0.0081 0.4009
0.0000 0.2521 0.0588 0.2474 0.0238 0.4179

MOTIF filter5
letter-probability matrix: alength= 6 w= 7 nsites= 18652
0.0001 0.7609 0.0278 0.0001 0.0014 0.2097
0.0001 0.8288 0.0044 0.0001 0.0001 0.1666
0.0001 0.9094 0.0001 0.0001 0.0001 0.0904
0.0001 0.9474 0.0001 0.0381 0.0001 0.0143
0.0001 0.9588 0.0001 0.0409 0.0001 0.0001
0.0001 0.9588 0.0001 0.0409 0.0001 0.0001
0.0001 0.9588 0.0001 0.0388 0.0001 0.0022

MOTIF filter6
letter-probability matrix: alength= 6 w= 7 nsites= 57265
0.5747 0.0000 0.0000 0.0000 0.4246 0.0006
0.5747 0.0000 0.0000 0.0000 0.4249 0.0003
0.5747 0.0000 0.0000 0.0000 0.4252 0.0000
0.5299 0.0000 0.0000 0.0000 0.4252 0.0449
0.4677 0.0000 0.0000 0.0000 0.3621 0.1701
0.4056 0.0000 0.0038 0.0003 0.3101 0.2802
0.3530 0.0003 0.0174 0.0037 0.2684 0.3572

MOTIF filter7
letter-probability matrix: alength= 6 w= 7 nsites= 54412
0.0000 0.0000 0.0169 0.8305 0.0060 0.1465
0.0000 0.0000 0.0473 0.8624 0.0135 0.0768
0.0000 0.0000 0.0703 0.8469 0.0345 0.0483
0.0000 0.0000 0.0985 0.7492 0.0388 0.1134
0.0000 0.0000 0.1038 0.6514 0.0415 0.2033
0.0000 0.0001 0.0682 0.4848 0.0352 0.4117
0.0000 0.0009 0.0594 0.3642 0.0348 0.5407

MOTIF filter8
letter-probability matrix: alength= 6 w= 7 nsites= 99327
0.3139 0.0000 0.0683 0.3453 0.0047 0.2678
0.2906 0.0000 0.0431 0.5005 0.0113 0.1544
0.2557 0.0000 0.0144 0.5133 0.0158 0.2008
0.2130 0.0000 0.0000 0.4881 0.0130 0.2859
0.1771 0.0000 0.0051 0.3939 0.0155 0.4084
0.1550 0.0010 0.0441 0.2985 0.0251 0.4763
0.1363 0.0028 0.0770 0.2316 0.0377 0.5145

MOTIF filter9
letter-probability matrix: alength= 6 w= 7 nsites= 39547
0.0000 0.2035 0.6780 0.0000 0.0000 0.1184
0.0000 0.2035 0.6136 0.0000 0.0000 0.1828
0.0000 0.2118 0.6521 0.0004 0.0144 0.1211
0.0000 0.2226 0.5084 0.0006 0.0237 0.2446
0.0000 0.2333 0.4198 0.0069 0.0255 0.3145
0.0000 0.2346 0.2774 0.0145 0.0230 0.4505
0.0000 0.2385 0.2085 0.0273 0.0244 0.5013

MOTIF filter10
letter-probability matrix: alength= 6 w= 7 nsites= 171178
0.0000 0.0000 0.0030 0.6957 0.0008 0.3006
0.0000 0.0000 0.0000 0.6651 0.0000 0.3348
0.0000 0.0000 0.0000 0.6344 0.0001 0.3655
0.0000 0.0000 0.0139 0.6200 0.0072 0.3588
0.0000 0.0000 0.0106 0.5292 0.0306 0.4295
0.0000 0.0035 0.0537 0.4270 0.0494 0.4664
0.0000 0.0083 0.0818 0.3333 0.0663 0.5102

MOTIF filter11
letter-probability matrix: alength= 6 w= 7 nsites= 104199
0.2587 0.0000 0.3041 0.0159 0.3703 0.0510
0.2587 0.0000 0.2547 0.0159 0.3895 0.0811
0.2343 0.0000 0.0744 0.0158 0.3331 0.3424
0.2096 0.0000 0.0479 0.0062 0.2577 0.4786
0.1688 0.0000 0.0134 0.0002 0.2029 0.6147
0.1477 0.0066 0.0656 0.0268 0.1787 0.5745
0.1300 0.0159 0.1023 0.0584 0.1627 0.5307

MOTIF filter12
letter-probability matrix: alength= 6 w= 7 nsites= 605189
0.0816 0.0132 0.0826 0.1262 0.1421 0.5543
0.0700 0.0154 0.1164 0.1448 0.1344 0.5189
0.0598 0.0217 0.1390 0.1622 0.1272 0.4902
0.0513 0.0260 0.1443 0.1608 0.1135 0.5041
0.0443 0.0311 0.1408 0.1583 0.1243 0.5012
0.0384 0.0370 0.1329 0.1569 0.1203 0.5145
0.0334 0.0451 0.1320 0.1532 0.1186 0.5178

MOTIF filter13
letter-probability matrix: alength= 6 w= 7 nsites= 93086
0.3237 0.0000 0.0561 0.3031 0.2247 0.0924
0.3203 0.0000 0.0678 0.3236 0.2220 0.0663
0.3201 0.0000 0.0841 0.3588 0.2221 0.0149
0.3201 0.0000 0.0869 0.3704 0.2223 0.0002
0.2877 0.0000 0.0605 0.3328 0.2223 0.0966
0.2495 0.0000 0.0405 0.2593 0.1902 0.2604
0.2172 0.0001 0.0371 0.1992 0.1644 0.3821

MOTIF filter14
letter-probability matrix: alength= 6 w= 7 nsites= 120982
0.0000 0.0000 0.0359 0.0000 0.1363 0.8278
0.0000 0.0000 0.0376 0.0000 0.0492 0.9132
0.0000 0.0000 0.0680 0.0435 0.0136 0.8749
0.0000 0.0072 0.0640 0.0962 0.0381 0.7945
0.0000 0.0138 0.0439 0.1346 0.0327 0.7750
0.0000 0.0321 0.1320 0.1926 0.0622 0.5810
0.0000 0.0499 0.1578 0.2282 0.0757 0.4884

MOTIF filter15
letter-probability matrix: alength= 6 w= 7 nsites= 24472
0.0000 0.0076 0.0031 0.6831 0.0086 0.2976
0.0000 0.0219 0.0000 0.5972 0.0000 0.3807
0.0000 0.0297 0.0511 0.5683 0.0000 0.3508
0.0000 0.0378 0.1755 0.5688 0.0097 0.2081
0.0000 0.0439 0.3775 0.5688 0.0097 0.0000
0.0000 0.0439 0.2080 0.4583 0.0073 0.2825
0.0000 0.0439 0.1197 0.3735 0.0057 0.4572

