MEME version 4

ALPHABET= FTIHMS

Background letter frequencies:
F 0.0478 T 0.0494 I 0.1401 H 0.1361 M 0.1059 S 0.5208

MOTIF filter0
letter-probability matrix: alength= 6 w= 7 nsites= 107168
0.0000 0.0000 0.1352 0.0000 0.0000 0.8648
0.0000 0.0000 0.0848 0.0000 0.0000 0.9152
0.0000 0.0000 0.0000 0.0000 0.0000 1.0000
0.0000 0.0000 0.0994 0.0000 0.0000 0.9006
0.0000 0.0091 0.2786 0.0000 0.0000 0.7122
0.0000 0.0271 0.2806 0.0420 0.0559 0.5944
0.0000 0.0435 0.2472 0.0726 0.0807 0.5560

MOTIF filter1
letter-probability matrix: alength= 6 w= 7 nsites= 69681
0.0000 0.0000 0.1487 0.0000 0.0827 0.7685
0.0000 0.0000 0.2089 0.0000 0.1258 0.6652
0.0000 0.0000 0.0000 0.0000 0.1070 0.8929
0.0000 0.0000 0.0983 0.0000 0.0618 0.8398
0.0000 0.0087 0.1561 0.0000 0.0000 0.8352
0.0000 0.0269 0.2051 0.0603 0.0388 0.6688
0.0000 0.0450 0.2104 0.1113 0.0592 0.5741

MOTIF filter2
letter-probability matrix: alength= 6 w= 7 nsites= 397811
0.0245 0.0194 0.1344 0.0905 0.1899 0.5413
0.0147 0.0259 0.0381 0.0815 0.1534 0.6864
0.0072 0.0329 0.0343 0.0664 0.1159 0.7433
0.0072 0.0423 0.1007 0.0918 0.1031 0.6548
0.0072 0.0526 0.1862 0.1125 0.1425 0.4989
0.0061 0.0618 0.1732 0.1292 0.1424 0.4873
0.0052 0.0717 0.1535 0.1396 0.1380 0.4920

MOTIF filter3
letter-probability matrix: alength= 6 w= 7 nsites= 39087
0.0000 0.0010 0.1502 0.3604 0.4276 0.0607
0.0000 0.0046 0.1743 0.3709 0.4276 0.0226
0.0000 0.0069 0.1864 0.3788 0.4276 0.0003
0.0000 0.0069 0.1864 0.3788 0.4276 0.0003
0.0000 0.0071 0.1534 0.2984 0.4276 0.1135
0.0000 0.0071 0.0967 0.2324 0.3563 0.3076
0.0000 0.0073 0.0721 0.1832 0.2984 0.4390

MOTIF filter4
letter-probability matrix: alength= 6 w= 7 nsites= 22771
0.0000 0.0000 0.2714 0.0000 0.0403 0.6882
0.0000 0.0004 0.0133 0.0000 0.0001 0.9862
0.0000 0.0015 0.0804 0.0000 0.0047 0.9133
0.0000 0.0077 0.3683 0.0047 0.0432 0.5761
0.0000 0.0311 0.4035 0.0109 0.1033 0.4511
0.0000 0.0370 0.2798 0.0391 0.1015 0.5425
0.0000 0.0441 0.2172 0.0653 0.0953 0.5781

MOTIF filter5
letter-probability matrix: alength= 6 w= 7 nsites= 14872
0.0001 0.9939 0.0001 0.0001 0.0001 0.0058
0.0001 0.9997 0.0001 0.0001 0.0001 0.0001
0.0001 0.9997 0.0001 0.0001 0.0001 0.0001
0.0001 0.9997 0.0001 0.0001 0.0001 0.0001
0.0001 0.9997 0.0001 0.0001 0.0001 0.0001
0.0001 0.9997 0.0001 0.0001 0.0001 0.0001
0.0001 0.9997 0.0001 0.0001 0.0001 0.0001

MOTIF filter6
letter-probability matrix: alength= 6 w= 7 nsites= 67444
0.4292 0.1264 0.0001 0.4150 0.0000 0.0294
0.3883 0.1289 0.0000 0.4211 0.0000 0.0616
0.3517 0.1334 0.0000 0.4155 0.0000 0.0994
0.3158 0.1362 0.0036 0.3487 0.0000 0.1957
0.2799 0.1363 0.0215 0.3056 0.0004 0.2564
0.2439 0.1364 0.0310 0.2317 0.0053 0.3517
0.2135 0.1369 0.0458 0.1836 0.0143 0.4059

MOTIF filter7
letter-probability matrix: alength= 6 w= 7 nsites= 5551
0.0002 0.0025 0.0092 0.0002 0.5570 0.4310
0.0002 0.0025 0.0002 0.0002 0.0020 0.9950
0.0002 0.0025 0.0027 0.1170 0.0002 0.8775
0.0002 0.0025 0.0695 0.4549 0.0002 0.4727
0.0002 0.0049 0.3452 0.6093 0.0002 0.0403
0.0002 0.0059 0.1634 0.6079 0.0016 0.2210
0.0002 0.0063 0.0849 0.5440 0.0022 0.3624

MOTIF filter8
letter-probability matrix: alength= 6 w= 7 nsites= 35276
0.0000 0.0006 0.0000 0.3100 0.6763 0.0130
0.0000 0.0010 0.0000 0.3216 0.6688 0.0086
0.0000 0.0013 0.0000 0.3216 0.6687 0.0083
0.0000 0.0016 0.0000 0.3286 0.6692 0.0005
0.0000 0.0016 0.0000 0.3286 0.5728 0.0969
0.0000 0.0016 0.0000 0.2557 0.4755 0.2671
0.0000 0.0022 0.0063 0.2086 0.3964 0.3864

MOTIF filter9
letter-probability matrix: alength= 6 w= 7 nsites= 10856
0.0001 0.0219 0.0593 0.0001 0.0002 0.9184
0.0001 0.0427 0.2891 0.0001 0.0464 0.6216
0.0001 0.0524 0.4058 0.0001 0.2593 0.2824
0.0001 0.0524 0.0770 0.0001 0.4710 0.3995
0.0001 0.0524 0.0285 0.0001 0.5321 0.3868
0.0001 0.0566 0.0614 0.0172 0.4197 0.4449
0.0001 0.0650 0.0826 0.0352 0.3405 0.4766

MOTIF filter10
letter-probability matrix: alength= 6 w= 7 nsites= 25304
0.0000 0.0000 0.1366 0.0000 0.1990 0.6643
0.0000 0.0000 0.0014 0.0000 0.0007 0.9978
0.0000 0.0000 0.0621 0.0000 0.0011 0.9366
0.0000 0.0000 0.0033 0.0000 0.0067 0.9899
0.0000 0.0000 0.1745 0.0448 0.0711 0.7095
0.0000 0.0173 0.2010 0.1163 0.0801 0.5853
0.0000 0.0349 0.1889 0.1691 0.0818 0.5253

MOTIF filter11
letter-probability matrix: alength= 6 w= 7 nsites= 50312
0.0001 0.0000 0.1572 0.0127 0.1169 0.7132
0.0000 0.0036 0.1431 0.0120 0.1119 0.7294
0.0000 0.0038 0.2023 0.0362 0.1449 0.6128
0.0000 0.0075 0.2295 0.0428 0.1961 0.5240
0.0000 0.0122 0.3168 0.0478 0.1882 0.4349
0.0000 0.0173 0.2240 0.0656 0.1590 0.5341
0.0000 0.0253 0.1803 0.0802 0.1413 0.5729

MOTIF filter12
letter-probability matrix: alength= 6 w= 7 nsites= 375206
0.0202 0.0307 0.2752 0.2327 0.0804 0.3608
0.0001 0.0309 0.1369 0.2272 0.0254 0.5796
0.0000 0.0317 0.0745 0.1812 0.0128 0.6998
0.0000 0.0342 0.1710 0.1429 0.0212 0.6307
0.0000 0.0451 0.2164 0.1320 0.0463 0.5602
0.0000 0.0526 0.1942 0.1304 0.0650 0.5577
0.0000 0.0616 0.1774 0.1316 0.0800 0.5494

MOTIF filter13
letter-probability matrix: alength= 6 w= 7 nsites= 14948
0.0017 0.9728 0.0001 0.0001 0.0001 0.0253
0.0001 0.9728 0.0001 0.0001 0.0001 0.0269
0.0001 0.9894 0.0001 0.0044 0.0001 0.0060
0.0001 0.9894 0.0001 0.0104 0.0001 0.0001
0.0001 0.9894 0.0001 0.0104 0.0001 0.0001
0.0001 0.9894 0.0001 0.0104 0.0001 0.0001
0.0001 0.9894 0.0001 0.0080 0.0001 0.0025

MOTIF filter14
letter-probability matrix: alength= 6 w= 7 nsites= 607237
0.0589 0.0284 0.1465 0.1540 0.0466 0.5655
0.0511 0.0325 0.1236 0.1462 0.0622 0.5844
0.0410 0.0341 0.1456 0.1365 0.0706 0.5723
0.0327 0.0358 0.1659 0.1384 0.0821 0.5451
0.0271 0.0410 0.1570 0.1349 0.0960 0.5441
0.0237 0.0481 0.1530 0.1397 0.0981 0.5374
0.0208 0.0568 0.1523 0.1407 0.0998 0.5295

MOTIF filter15
letter-probability matrix: alength= 6 w= 7 nsites= 26145
0.6284 0.3710 0.0000 0.0000 0.0000 0.0005
0.6284 0.3710 0.0000 0.0000 0.0000 0.0005
0.6284 0.3714 0.0000 0.0000 0.0000 0.0000
0.6284 0.3714 0.0000 0.0000 0.0000 0.0000
0.6284 0.3714 0.0000 0.0000 0.0000 0.0000
0.5500 0.3714 0.0000 0.0000 0.0000 0.0785
0.4836 0.3714 0.0000 0.0000 0.0000 0.1449

