MEME version 4

ALPHABET= FTIHMS

Background letter frequencies:
F 0.0545 T 0.0546 I 0.1369 H 0.1380 M 0.1086 S 0.5075

MOTIF filter0
letter-probability matrix: alength= 6 w= 7 nsites= 57490
0.5779 0.0000 0.0101 0.0000 0.0012 0.4108
0.5119 0.0000 0.0331 0.0054 0.0055 0.4441
0.4562 0.0000 0.0500 0.0137 0.0177 0.4624
0.4093 0.0000 0.0991 0.0278 0.0373 0.4265
0.3685 0.0000 0.1205 0.0404 0.0518 0.4187
0.3277 0.0000 0.1235 0.0517 0.0606 0.4364
0.2925 0.0000 0.1270 0.0612 0.0666 0.4525

MOTIF filter1
letter-probability matrix: alength= 6 w= 7 nsites= 52441
0.6400 0.0000 0.0019 0.0000 0.0028 0.3553
0.5624 0.0000 0.0173 0.0000 0.0117 0.4086
0.5001 0.0000 0.0684 0.0078 0.0238 0.3999
0.4487 0.0000 0.1046 0.0179 0.0384 0.3904
0.4040 0.0000 0.1128 0.0300 0.0498 0.4034
0.3593 0.0000 0.1140 0.0409 0.0572 0.4287
0.3207 0.0000 0.1190 0.0508 0.0632 0.4462

MOTIF filter2
letter-probability matrix: alength= 6 w= 7 nsites= 139235
0.0000 0.0000 0.0014 0.6936 0.0000 0.3050
0.0000 0.0000 0.0326 0.5400 0.0000 0.4273
0.0000 0.0000 0.0793 0.3949 0.0102 0.5156
0.0000 0.0001 0.1115 0.2861 0.0385 0.5638
0.0000 0.0005 0.1272 0.2123 0.0696 0.5904
0.0000 0.0053 0.1385 0.1616 0.1004 0.5943
0.0000 0.0127 0.1475 0.1239 0.1287 0.5871

MOTIF filter3
letter-probability matrix: alength= 6 w= 7 nsites= 12599
0.0001 0.0001 0.3319 0.0037 0.0001 0.6641
0.0001 0.0001 0.0001 0.0037 0.0001 0.9960
0.0001 0.0043 0.0334 0.0037 0.0819 0.8766
0.0001 0.0169 0.1458 0.0001 0.0792 0.7580
0.0001 0.0228 0.0843 0.1294 0.0394 0.7240
0.0001 0.0405 0.1511 0.1781 0.0650 0.5652
0.0001 0.0559 0.1679 0.2165 0.0801 0.4794

MOTIF filter4
letter-probability matrix: alength= 6 w= 7 nsites= 1991
0.0005 0.0005 0.0005 0.0005 0.0005 0.9975
0.0005 0.0005 0.5884 0.0005 0.0371 0.3731
0.0005 0.0005 0.8833 0.0005 0.1147 0.0005
0.0005 0.0005 0.0005 0.0005 0.0005 0.9975
0.0005 0.0005 0.0005 0.0005 0.0005 0.9975
0.0005 0.0110 0.1342 0.0616 0.0245 0.7682
0.0005 0.0235 0.1798 0.1247 0.0451 0.6264

MOTIF filter5
letter-probability matrix: alength= 6 w= 7 nsites= 33669
0.0000 0.0000 0.0001 0.0073 0.9922 0.0004
0.0000 0.0000 0.0000 0.0073 0.9881 0.0045
0.0000 0.0000 0.0000 0.0068 0.9718 0.0213
0.0000 0.0004 0.0000 0.0068 0.8411 0.1516
0.0000 0.0032 0.0095 0.0130 0.7346 0.2396
0.0000 0.0035 0.0113 0.0144 0.6218 0.3489
0.0000 0.0062 0.0222 0.0258 0.5292 0.4166

MOTIF filter6
letter-probability matrix: alength= 6 w= 7 nsites= 10096
0.0001 0.0017 0.0030 0.0001 0.0029 0.9923
0.0001 0.0275 0.0008 0.0114 0.0006 0.9596
0.0001 0.0745 0.0001 0.0217 0.0017 0.9019
0.0001 0.3504 0.0752 0.4876 0.0337 0.0530
0.0001 0.3678 0.0305 0.4876 0.0199 0.0940
0.0001 0.3691 0.0234 0.4820 0.0203 0.1051
0.0001 0.3708 0.0243 0.4506 0.0209 0.1333

MOTIF filter7
letter-probability matrix: alength= 6 w= 7 nsites= 1037
0.0010 0.0010 0.0920 0.0105 0.0412 0.8543
0.0010 0.0010 0.0221 0.0010 0.0211 0.9540
0.0010 0.2090 0.0010 0.0010 0.0010 0.7872
0.0010 0.6884 0.0010 0.0010 0.0010 0.3078
0.0010 0.9952 0.0010 0.0010 0.0010 0.0010
0.0010 0.9952 0.0010 0.0010 0.0010 0.0010
0.0010 0.9952 0.0010 0.0010 0.0010 0.0010

MOTIF filter8
letter-probability matrix: alength= 6 w= 7 nsites= 51552
0.0000 0.0000 0.0000 0.0000 0.0798 0.9201
0.0000 0.0000 0.0000 0.0000 0.1884 0.8115
0.0000 0.0000 0.0000 0.1148 0.1708 0.7143
0.0000 0.0000 0.0465 0.1974 0.0543 0.7017
0.0000 0.0000 0.0000 0.2712 0.0000 0.7287
0.0000 0.0149 0.0900 0.3119 0.0299 0.5533
0.0000 0.0315 0.1255 0.3243 0.0444 0.4742

MOTIF filter9
letter-probability matrix: alength= 6 w= 7 nsites= 8348
0.0001 0.0164 0.0846 0.0001 0.0001 0.8986
0.0001 0.0679 0.1104 0.0001 0.0060 0.8155
0.0001 0.0852 0.0001 0.0001 0.0385 0.8759
0.0001 0.1035 0.0001 0.0001 0.2301 0.6660
0.0001 0.1407 0.0001 0.0001 0.3446 0.5144
0.0001 0.1578 0.0820 0.0376 0.2982 0.4243
0.0001 0.1738 0.1061 0.0613 0.2602 0.3985

MOTIF filter10
letter-probability matrix: alength= 6 w= 7 nsites= 29975
0.9924 0.0000 0.0000 0.0000 0.0018 0.0057
0.9852 0.0000 0.0000 0.0000 0.0027 0.0120
0.9833 0.0000 0.0000 0.0000 0.0038 0.0128
0.9833 0.0000 0.0000 0.0007 0.0088 0.0072
0.9051 0.0000 0.0000 0.0029 0.0137 0.0782
0.7982 0.0000 0.0000 0.0029 0.0112 0.1876
0.7082 0.0000 0.0072 0.0034 0.0101 0.2711

MOTIF filter11
letter-probability matrix: alength= 6 w= 7 nsites= 56483
0.0000 0.0004 0.0001 0.5809 0.0000 0.4187
0.0000 0.0032 0.0183 0.4598 0.0000 0.5187
0.0000 0.0095 0.0000 0.4630 0.0000 0.5275
0.0000 0.0175 0.0139 0.4633 0.0000 0.5052
0.0000 0.0258 0.0000 0.4018 0.0197 0.5526
0.0000 0.0346 0.0765 0.3078 0.0802 0.5010
0.0000 0.0437 0.1048 0.2455 0.1100 0.4960

MOTIF filter12
letter-probability matrix: alength= 6 w= 7 nsites= 44805
0.0000 0.0000 0.2571 0.3396 0.0252 0.3781
0.0000 0.0000 0.3858 0.3937 0.0647 0.1557
0.0000 0.0000 0.4490 0.3937 0.0647 0.0925
0.0000 0.0000 0.5055 0.3937 0.0647 0.0360
0.0000 0.0000 0.4795 0.3969 0.0682 0.0553
0.0000 0.0000 0.2921 0.3096 0.0549 0.3433
0.0000 0.0003 0.1869 0.2481 0.0448 0.5199

MOTIF filter13
letter-probability matrix: alength= 6 w= 7 nsites= 38402
0.9903 0.0000 0.0000 0.0000 0.0000 0.0096
0.8931 0.0000 0.0000 0.0000 0.0000 0.1068
0.8038 0.0000 0.0038 0.0000 0.0015 0.1908
0.7059 0.0000 0.0108 0.0000 0.0073 0.2759
0.6224 0.0000 0.0000 0.0010 0.0130 0.3635
0.5522 0.0000 0.0365 0.0062 0.0200 0.3851
0.4912 0.0000 0.0642 0.0138 0.0299 0.4009

MOTIF filter14
letter-probability matrix: alength= 6 w= 7 nsites= 30972
0.0000 0.0000 0.3386 0.0000 0.6567 0.0046
0.0000 0.0000 0.3322 0.0000 0.6567 0.0110
0.0000 0.0000 0.3267 0.0000 0.6567 0.0166
0.0000 0.0000 0.3310 0.0036 0.6567 0.0087
0.0000 0.0000 0.2948 0.0056 0.6569 0.0427
0.0000 0.0000 0.1984 0.0056 0.5595 0.2364
0.0000 0.0002 0.1418 0.0066 0.4773 0.3742

MOTIF filter15
letter-probability matrix: alength= 6 w= 7 nsites= 85915
0.0000 0.0000 0.1866 0.5240 0.0000 0.2895
0.0000 0.0003 0.1770 0.4758 0.0000 0.3469
0.0000 0.0004 0.2409 0.3998 0.0194 0.3395
0.0000 0.0012 0.3200 0.3466 0.0329 0.2994
0.0000 0.0034 0.3641 0.2936 0.0514 0.2875
0.0000 0.0039 0.2348 0.2304 0.0467 0.4842
0.0000 0.0059 0.1760 0.1862 0.0502 0.5817

