MEME version 4

ALPHABET= FTIHMS

Background letter frequencies:
F 0.0512 T 0.0527 I 0.1359 H 0.1398 M 0.1117 S 0.5087

MOTIF filter0
letter-probability matrix: alength= 6 w= 7 nsites= 40188
0.0772 0.0000 0.1680 0.0000 0.2406 0.5142
0.0000 0.0004 0.0000 0.0385 0.1820 0.7791
0.0000 0.0049 0.0552 0.0743 0.1563 0.7092
0.0000 0.0115 0.1086 0.1177 0.1408 0.6212
0.0000 0.0195 0.1353 0.1594 0.1359 0.5499
0.0000 0.0289 0.1432 0.1852 0.1320 0.5106
0.0000 0.0401 0.1453 0.2010 0.1262 0.4874

MOTIF filter1
letter-probability matrix: alength= 6 w= 7 nsites= 148
0.0065 0.0065 0.0065 0.9675 0.0065 0.0065
0.0065 0.0065 0.0065 0.9675 0.0065 0.0065
0.0065 0.0065 0.0065 0.9675 0.0065 0.0065
0.0065 0.0065 0.0065 0.9481 0.0065 0.0260
0.0065 0.0065 0.0065 0.4481 0.0065 0.5260
0.0065 0.0065 0.0065 0.2662 0.0260 0.6883
0.0065 0.0325 0.0065 0.1039 0.4805 0.3701

MOTIF filter2
letter-probability matrix: alength= 6 w= 7 nsites= 49109
0.0000 0.0000 0.0000 0.0000 0.9999 0.0000
0.0000 0.0000 0.0000 0.0000 0.8623 0.1376
0.0000 0.0000 0.0000 0.0000 0.7232 0.2767
0.0000 0.0003 0.0092 0.0049 0.6087 0.3769
0.0000 0.0022 0.0258 0.0206 0.5153 0.4360
0.0000 0.0068 0.0440 0.0466 0.4384 0.4641
0.0000 0.0144 0.0611 0.0794 0.3757 0.4693

MOTIF filter3
letter-probability matrix: alength= 6 w= 7 nsites= 16799
0.0001 0.9997 0.0001 0.0001 0.0001 0.0001
0.0001 0.9997 0.0001 0.0001 0.0001 0.0001
0.0001 0.9997 0.0001 0.0001 0.0001 0.0001
0.0001 0.9997 0.0001 0.0001 0.0001 0.0001
0.0001 0.9997 0.0001 0.0001 0.0001 0.0001
0.0001 0.9997 0.0001 0.0001 0.0001 0.0001
0.0001 0.9997 0.0001 0.0001 0.0001 0.0001

MOTIF filter4
letter-probability matrix: alength= 6 w= 7 nsites= 13372
0.0001 0.9996 0.0001 0.0001 0.0001 0.0001
0.0001 0.9996 0.0001 0.0001 0.0001 0.0001
0.0001 0.9996 0.0001 0.0001 0.0001 0.0001
0.0001 0.9996 0.0001 0.0001 0.0001 0.0001
0.0001 0.9996 0.0001 0.0001 0.0001 0.0001
0.0001 0.9996 0.0001 0.0001 0.0001 0.0001
0.0001 0.9996 0.0001 0.0001 0.0001 0.0001

MOTIF filter5
letter-probability matrix: alength= 6 w= 7 nsites= 41887
0.7463 0.0000 0.0116 0.0056 0.0012 0.2353
0.6586 0.0000 0.0307 0.0092 0.0069 0.2946
0.5709 0.0000 0.0381 0.0120 0.0107 0.3683
0.4968 0.0000 0.0537 0.0171 0.0187 0.4136
0.4342 0.0000 0.0727 0.0237 0.0298 0.4396
0.3814 0.0000 0.0898 0.0320 0.0419 0.4549
0.3357 0.0001 0.1046 0.0420 0.0540 0.4637

MOTIF filter6
letter-probability matrix: alength= 6 w= 7 nsites= 13432
0.0001 0.9996 0.0001 0.0001 0.0001 0.0001
0.0001 0.9996 0.0001 0.0001 0.0001 0.0001
0.0001 0.9996 0.0001 0.0001 0.0001 0.0001
0.0001 0.9996 0.0001 0.0001 0.0001 0.0001
0.0001 0.9996 0.0001 0.0001 0.0001 0.0001
0.0001 0.9996 0.0001 0.0001 0.0001 0.0001
0.0001 0.9996 0.0001 0.0001 0.0001 0.0001

MOTIF filter7
letter-probability matrix: alength= 6 w= 7 nsites= 203931
0.1470 0.0048 0.0772 0.1572 0.0801 0.5337
0.1433 0.0076 0.0566 0.1414 0.1232 0.5279
0.1238 0.0117 0.0953 0.1541 0.1239 0.4912
0.1072 0.0166 0.1157 0.1469 0.1240 0.4895
0.0935 0.0221 0.1226 0.1415 0.1239 0.4964
0.0818 0.0281 0.1281 0.1349 0.1208 0.5063
0.0719 0.0355 0.1329 0.1315 0.1179 0.5104

MOTIF filter8
letter-probability matrix: alength= 6 w= 7 nsites= 323070
0.0000 0.0000 0.3556 0.0396 0.0080 0.5968
0.0000 0.0000 0.2925 0.0748 0.0003 0.6324
0.0000 0.0064 0.2523 0.1082 0.0281 0.6050
0.0000 0.0139 0.2273 0.1380 0.0479 0.5729
0.0000 0.0226 0.2076 0.1563 0.0613 0.5523
0.0000 0.0326 0.1911 0.1672 0.0700 0.5392
0.0000 0.0443 0.1784 0.1723 0.0750 0.5300

MOTIF filter9
letter-probability matrix: alength= 6 w= 7 nsites= 68493
0.0000 0.1677 0.1158 0.0000 0.7165 0.0000
0.0000 0.1677 0.1158 0.0000 0.6178 0.0987
0.0000 0.1677 0.0789 0.0000 0.5182 0.2353
0.0000 0.1679 0.0614 0.0035 0.4361 0.3311
0.0000 0.1693 0.0598 0.0156 0.3693 0.3859
0.0000 0.1729 0.0659 0.0363 0.3148 0.4101
0.0000 0.1795 0.0742 0.0628 0.2709 0.4126

MOTIF filter10
letter-probability matrix: alength= 6 w= 7 nsites= 321630
0.0000 0.0000 0.2879 0.0000 0.0350 0.6770
0.0000 0.0038 0.2714 0.0243 0.0534 0.6471
0.0000 0.0110 0.2468 0.0594 0.0796 0.6033
0.0000 0.0187 0.2241 0.0914 0.0941 0.5718
0.0000 0.0272 0.2042 0.1195 0.1009 0.5482
0.0000 0.0370 0.1875 0.1392 0.1035 0.5329
0.0000 0.0485 0.1734 0.1513 0.1036 0.5232

MOTIF filter11
letter-probability matrix: alength= 6 w= 7 nsites= 201108
0.0000 0.0084 0.0973 0.0935 0.0127 0.7881
0.0000 0.0150 0.1016 0.0589 0.0146 0.8099
0.0000 0.0256 0.1816 0.1148 0.0619 0.6161
0.0000 0.0350 0.2002 0.1513 0.0867 0.5268
0.0000 0.0436 0.1899 0.1685 0.0978 0.5002
0.0000 0.0525 0.1730 0.1804 0.1007 0.4934
0.0000 0.0622 0.1597 0.1809 0.0995 0.4977

