MEME version 4

ALPHABET= ACGU

Background letter frequencies:
A 0.2704 C 0.2112 G 0.2171 U 0.3013

MOTIF filter0
letter-probability matrix: alength= 4 w= 7 nsites= 21262
0.2814 0.4146 0.0421 0.2619
0.3610 0.2045 0.0636 0.3710
0.0386 0.0470 0.8876 0.0269
0.4095 0.0982 0.4922 0.0000
0.0361 0.0091 0.9540 0.0008
0.2424 0.2402 0.3580 0.1594
0.3520 0.2411 0.1854 0.2215

MOTIF filter1
letter-probability matrix: alength= 4 w= 7 nsites= 17116
0.0170 0.4693 0.4602 0.0535
0.3483 0.5676 0.0183 0.0658
0.1522 0.2000 0.3119 0.3359
0.0703 0.1846 0.6487 0.0964
0.2460 0.1289 0.6099 0.0152
0.1785 0.1210 0.5943 0.1062
0.0749 0.3542 0.2819 0.2890

MOTIF filter2
letter-probability matrix: alength= 4 w= 7 nsites= 7162
0.4376 0.2390 0.0001 0.3232
0.1567 0.0081 0.0001 0.8351
0.4157 0.5220 0.0465 0.0158
0.1008 0.1722 0.0001 0.7269
0.5367 0.3558 0.0060 0.1015
0.3172 0.3433 0.0001 0.3394
0.3992 0.5452 0.0001 0.0554

MOTIF filter3
letter-probability matrix: alength= 4 w= 7 nsites= 23336
0.2292 0.2521 0.3520 0.1668
0.1756 0.3850 0.2439 0.1955
0.3181 0.1752 0.1410 0.3657
0.0210 0.0247 0.9161 0.0382
0.2541 0.1351 0.6085 0.0022
0.1183 0.1099 0.7606 0.0112
0.3338 0.2762 0.1750 0.2150

MOTIF filter4
letter-probability matrix: alength= 4 w= 7 nsites= 1207
0.0008 0.0008 0.0008 0.9975
0.9917 0.0008 0.0008 0.0066
0.4079 0.1932 0.0462 0.3526
0.9744 0.0206 0.0041 0.0008
0.0124 0.0008 0.0215 0.9653
0.6829 0.0471 0.0008 0.2692
0.2700 0.1396 0.0941 0.4963

MOTIF filter5
letter-probability matrix: alength= 4 w= 7 nsites= 4261
0.1313 0.0368 0.0002 0.8317
0.3536 0.0879 0.1953 0.3632
0.0392 0.0328 0.0002 0.9278
0.5374 0.0002 0.4621 0.0002
0.0002 0.0002 0.0002 0.9993
0.9993 0.0002 0.0002 0.0002
0.4926 0.2169 0.0002 0.2903

MOTIF filter6
letter-probability matrix: alength= 4 w= 7 nsites= 2145
0.3015 0.0172 0.0005 0.6808
0.7990 0.1112 0.0088 0.0810
0.1647 0.1000 0.0005 0.7348
0.8348 0.0712 0.0005 0.0935
0.0782 0.5412 0.0005 0.3802
0.7571 0.0758 0.0005 0.1666
0.0047 0.5389 0.0005 0.4560

MOTIF filter7
letter-probability matrix: alength= 4 w= 7 nsites= 20359
0.4666 0.0299 0.5027 0.0009
0.0090 0.0000 0.9908 0.0001
0.4588 0.1427 0.1479 0.2507
0.2646 0.2583 0.1822 0.2949
0.3789 0.1625 0.1664 0.2923
0.2542 0.1507 0.5162 0.0790
0.3133 0.1703 0.4736 0.0429

MOTIF filter8
letter-probability matrix: alength= 4 w= 7 nsites= 2617
0.1961 0.1122 0.4239 0.2678
0.0660 0.0038 0.0080 0.9222
0.2614 0.0805 0.5883 0.0698
0.0217 0.0080 0.0004 0.9699
0.5879 0.0004 0.4090 0.0027
0.0092 0.0160 0.0053 0.9695
0.9989 0.0004 0.0004 0.0004

MOTIF filter9
letter-probability matrix: alength= 4 w= 7 nsites= 12293
0.0879 0.1460 0.6246 0.1415
0.0176 0.5777 0.3002 0.1045
0.2839 0.4508 0.0864 0.1789
0.0772 0.1063 0.7637 0.0529
0.1984 0.2583 0.4882 0.0551
0.0490 0.2770 0.6515 0.0224
0.3909 0.3511 0.1754 0.0825

MOTIF filter10
letter-probability matrix: alength= 4 w= 7 nsites= 1993
0.0005 0.0005 0.0005 0.9985
0.9985 0.0005 0.0005 0.0005
0.4056 0.2218 0.0361 0.3365
0.8578 0.0421 0.0070 0.0931
0.2048 0.0005 0.0721 0.7226
0.5994 0.0270 0.0005 0.3731
0.3160 0.1297 0.0901 0.4642

MOTIF filter11
letter-probability matrix: alength= 4 w= 7 nsites= 8284
0.2470 0.0830 0.4615 0.2085
0.0123 0.0475 0.7775 0.1626
0.0367 0.3098 0.2465 0.4070
0.0395 0.0849 0.1694 0.7062
0.0280 0.1579 0.6151 0.1990
0.0612 0.2162 0.4797 0.2429
0.0368 0.1632 0.5118 0.2881

MOTIF filter12
letter-probability matrix: alength= 4 w= 7 nsites= 11860
0.4443 0.0286 0.2881 0.2390
0.0005 0.0016 0.9272 0.0707
0.2154 0.2603 0.3044 0.2199
0.2714 0.1167 0.1935 0.4183
0.2934 0.2035 0.2366 0.2665
0.6344 0.0602 0.0009 0.3045
0.0025 0.0035 0.9910 0.0030

MOTIF filter13
letter-probability matrix: alength= 4 w= 7 nsites= 829852
0.2662 0.2063 0.2171 0.3104
0.2831 0.1905 0.2081 0.3183
0.2749 0.1983 0.2211 0.3056
0.2673 0.2117 0.2229 0.2981
0.2827 0.2017 0.2036 0.3120
0.2801 0.1714 0.2295 0.3190
0.2745 0.1814 0.2267 0.3174

MOTIF filter14
letter-probability matrix: alength= 4 w= 7 nsites= 1656
0.1247 0.3554 0.0271 0.4928
0.0006 0.0006 0.0006 0.9982
0.0006 0.0006 0.9982 0.0006
0.0006 0.0006 0.0006 0.9982
0.9982 0.0006 0.0006 0.0006
0.3711 0.2669 0.0819 0.2801
0.9717 0.0048 0.0006 0.0229

MOTIF filter15
letter-probability matrix: alength= 4 w= 7 nsites= 2151
0.8877 0.0005 0.1021 0.0097
0.3768 0.1531 0.0353 0.4348
0.8613 0.0483 0.0005 0.0900
0.1861 0.0492 0.0060 0.7587
0.5731 0.0065 0.0046 0.4158
0.3568 0.0877 0.0603 0.4951
0.3030 0.1142 0.1230 0.4599

