MEME version 4

ALPHABET= ACGU

Background letter frequencies:
A 0.2529 C 0.2323 G 0.2388 U 0.2760

MOTIF filter0
letter-probability matrix: alength= 4 w= 7 nsites= 21919
0.3363 0.2375 0.0000 0.4262
0.0260 0.9704 0.0000 0.0036
0.4136 0.2193 0.0000 0.3671
0.1225 0.7817 0.0000 0.0957
0.3122 0.2799 0.1082 0.2997
0.2290 0.2555 0.2357 0.2798
0.2487 0.2899 0.1949 0.2666

MOTIF filter1
letter-probability matrix: alength= 4 w= 7 nsites= 3531
0.0003 0.0003 0.9992 0.0003
0.1095 0.7646 0.0003 0.1256
0.8950 0.0003 0.0003 0.1044
0.0195 0.6257 0.2673 0.0874
0.2767 0.2543 0.1347 0.3344
0.2110 0.2532 0.2704 0.2653
0.2580 0.2492 0.2376 0.2552

MOTIF filter2
letter-probability matrix: alength= 4 w= 7 nsites= 7067
0.0181 0.0001 0.9816 0.0001
0.2203 0.3070 0.4603 0.0123
0.2926 0.4551 0.1805 0.0718
0.0001 0.0850 0.0156 0.8993
0.1676 0.2496 0.2598 0.3230
0.2864 0.2336 0.2042 0.2758
0.2182 0.2752 0.2505 0.2561

MOTIF filter3
letter-probability matrix: alength= 4 w= 7 nsites= 8133
0.0001 0.9996 0.0001 0.0001
0.0495 0.3899 0.1804 0.3801
0.2850 0.0001 0.2234 0.4915
0.0442 0.2174 0.4405 0.2979
0.2365 0.2399 0.2872 0.2365
0.2396 0.2286 0.2567 0.2750
0.2312 0.2501 0.2565 0.2623

MOTIF filter4
letter-probability matrix: alength= 4 w= 7 nsites= 15143
0.0442 0.1483 0.0734 0.7341
0.0366 0.3102 0.0623 0.5908
0.0526 0.1667 0.0801 0.7007
0.0104 0.0001 0.0001 0.9894
0.1556 0.1722 0.1796 0.4926
0.1933 0.1883 0.1410 0.4774
0.1981 0.1844 0.1565 0.4609

MOTIF filter5
letter-probability matrix: alength= 4 w= 7 nsites= 15877
0.0001 0.2837 0.1191 0.5971
0.3273 0.0001 0.4245 0.2481
0.2124 0.3122 0.1367 0.3387
0.3602 0.2540 0.0226 0.3632
0.2503 0.2257 0.2476 0.2764
0.2351 0.2784 0.2026 0.2839
0.2395 0.2745 0.2099 0.2761

MOTIF filter6
letter-probability matrix: alength= 4 w= 7 nsites= 5991
0.0002 0.0050 0.1596 0.8352
0.0294 0.0647 0.0060 0.8999
0.2240 0.1895 0.1695 0.4170
0.1301 0.5415 0.2577 0.0707
0.2632 0.2621 0.1571 0.3176
0.2687 0.2180 0.2142 0.2991
0.2569 0.2008 0.2375 0.3048

MOTIF filter7
letter-probability matrix: alength= 4 w= 7 nsites= 14843
0.0967 0.0987 0.0001 0.8045
0.6271 0.0058 0.2479 0.1193
0.3619 0.0387 0.4550 0.1445
0.2107 0.0001 0.7892 0.0001
0.2813 0.2260 0.2691 0.2235
0.2914 0.2188 0.2320 0.2578
0.2856 0.2014 0.2392 0.2738

MOTIF filter8
letter-probability matrix: alength= 4 w= 7 nsites= 8104
0.0001 0.0472 0.5477 0.4049
0.1998 0.0374 0.0001 0.7627
0.0197 0.0338 0.0001 0.9463
0.2063 0.0001 0.7667 0.0269
0.2548 0.2010 0.2372 0.3070
0.2706 0.2208 0.2114 0.2972
0.2574 0.2125 0.2206 0.3094

MOTIF filter9
letter-probability matrix: alength= 4 w= 7 nsites= 19795
0.1735 0.7383 0.0718 0.0164
0.4643 0.4128 0.0628 0.0600
0.1177 0.7121 0.1702 0.0001
0.5555 0.3247 0.0965 0.0233
0.2246 0.3082 0.2443 0.2229
0.2300 0.2998 0.2543 0.2160
0.2003 0.3160 0.2458 0.2378

MOTIF filter10
letter-probability matrix: alength= 4 w= 7 nsites= 7665
0.0205 0.0001 0.9793 0.0001
0.3931 0.4795 0.0001 0.1273
0.2232 0.2458 0.0001 0.5308
0.1871 0.0734 0.4180 0.3214
0.2166 0.2561 0.2780 0.2493
0.2466 0.2399 0.2534 0.2601
0.2591 0.2257 0.2781 0.2371

MOTIF filter11
letter-probability matrix: alength= 4 w= 7 nsites= 12990
0.1075 0.3344 0.1615 0.3966
0.2828 0.0940 0.5040 0.1192
0.0857 0.0135 0.8735 0.0273
0.0850 0.1733 0.7416 0.0001
0.2195 0.2845 0.3151 0.1809
0.2029 0.2610 0.3138 0.2223
0.2212 0.2266 0.3364 0.2158

