MEME version 4

ALPHABET= ACGU

Background letter frequencies:
A 0.2623 C 0.2150 G 0.2173 U 0.3054

MOTIF filter0
letter-probability matrix: alength= 4 w= 7 nsites= 14103
0.5420 0.0212 0.3942 0.0426
0.0488 0.0093 0.8869 0.0550
0.7037 0.0055 0.2736 0.0172
0.1355 0.0127 0.6787 0.1732
0.4179 0.0617 0.4409 0.0794
0.2782 0.1725 0.3243 0.2250
0.4619 0.0593 0.2826 0.1961

MOTIF filter1
letter-probability matrix: alength= 4 w= 7 nsites= 23197
0.3727 0.0597 0.1804 0.3872
0.0102 0.0055 0.9708 0.0136
0.1988 0.1350 0.4136 0.2527
0.1376 0.0160 0.6188 0.2275
0.0741 0.0850 0.7200 0.1209
0.1679 0.2074 0.3418 0.2829
0.1626 0.1165 0.4795 0.2415

MOTIF filter2
letter-probability matrix: alength= 4 w= 7 nsites= 22485
0.1381 0.2103 0.4974 0.1542
0.2665 0.1221 0.3917 0.2196
0.0373 0.0300 0.8413 0.0914
0.0777 0.1007 0.7397 0.0819
0.1665 0.1214 0.5182 0.1938
0.1722 0.0498 0.5854 0.1926
0.0658 0.0747 0.7937 0.0658

MOTIF filter3
letter-probability matrix: alength= 4 w= 7 nsites= 17796
0.0211 0.3868 0.4348 0.1572
0.0226 0.5212 0.3472 0.1090
0.0339 0.8338 0.1290 0.0033
0.3481 0.1838 0.0869 0.3813
0.0457 0.2214 0.6753 0.0575
0.0737 0.3152 0.4620 0.1492
0.0504 0.6426 0.2226 0.0843

MOTIF filter4
letter-probability matrix: alength= 4 w= 7 nsites= 8738
0.0439 0.0357 0.0291 0.8913
0.0120 0.0380 0.0089 0.9411
0.0357 0.0014 0.0062 0.9568
0.0303 0.0001 0.0001 0.9695
0.1209 0.0301 0.0001 0.8489
0.3456 0.0108 0.0025 0.6412
0.2957 0.2717 0.0001 0.4325

MOTIF filter5
letter-probability matrix: alength= 4 w= 7 nsites= 4376
0.2420 0.4413 0.0002 0.3164
0.6927 0.2313 0.0034 0.0726
0.1237 0.3178 0.0573 0.5011
0.2432 0.2438 0.0002 0.5128
0.3171 0.1562 0.0037 0.5231
0.3936 0.0249 0.0002 0.5813
0.2571 0.7306 0.0002 0.0121

MOTIF filter6
letter-probability matrix: alength= 4 w= 7 nsites= 18640
0.5958 0.0359 0.3625 0.0057
0.1078 0.1751 0.6346 0.0826
0.2901 0.3073 0.3154 0.0873
0.4313 0.1956 0.2070 0.1661
0.3704 0.0731 0.4013 0.1552
0.2924 0.1600 0.5070 0.0406
0.4601 0.1144 0.3809 0.0446

MOTIF filter7
letter-probability matrix: alength= 4 w= 7 nsites= 5574
0.0002 0.0124 0.0482 0.9392
0.0357 0.0041 0.0002 0.9600
0.1495 0.0319 0.0002 0.8184
0.3410 0.0278 0.0029 0.6284
0.4346 0.0376 0.0054 0.5224
0.0740 0.2702 0.0002 0.6556
0.0412 0.1122 0.0002 0.8464

MOTIF filter8
letter-probability matrix: alength= 4 w= 7 nsites= 7104
0.0703 0.7624 0.0512 0.1161
0.5483 0.0715 0.2061 0.1742
0.1850 0.0995 0.6712 0.0443
0.0007 0.1102 0.8593 0.0298
0.5359 0.2807 0.0523 0.1311
0.0608 0.0528 0.5118 0.3746
0.0232 0.3714 0.5952 0.0101

MOTIF filter9
letter-probability matrix: alength= 4 w= 7 nsites= 12051
0.1219 0.0228 0.0001 0.8552
0.1036 0.0610 0.0001 0.8353
0.0563 0.1058 0.0212 0.8167
0.1273 0.0001 0.0236 0.8490
0.1112 0.0281 0.0001 0.8606
0.0001 0.0466 0.0001 0.9532
0.0503 0.1562 0.0001 0.7934

MOTIF filter10
letter-probability matrix: alength= 4 w= 7 nsites= 21138
0.1043 0.0782 0.7799 0.0375
0.2618 0.1513 0.4508 0.1362
0.2345 0.0494 0.5466 0.1695
0.0706 0.0607 0.7389 0.1298
0.1997 0.1703 0.5018 0.1283
0.1985 0.1929 0.4668 0.1419
0.2886 0.1339 0.4002 0.1773

MOTIF filter11
letter-probability matrix: alength= 4 w= 7 nsites= 8972
0.0016 0.0001 0.0621 0.9363
0.0078 0.0001 0.0001 0.9920
0.1573 0.0001 0.0459 0.7967
0.0524 0.0842 0.0009 0.8625
0.1573 0.0627 0.0001 0.7799
0.2453 0.0001 0.0359 0.7187
0.1952 0.1742 0.0001 0.6305

MOTIF filter12
letter-probability matrix: alength= 4 w= 7 nsites= 21899
0.4144 0.1155 0.4066 0.0636
0.1339 0.3430 0.5153 0.0078
0.6216 0.3389 0.0381 0.0014
0.1016 0.4327 0.2786 0.1871
0.7970 0.0918 0.0998 0.0114
0.0500 0.3761 0.5202 0.0537
0.5279 0.3123 0.1596 0.0002

MOTIF filter13
letter-probability matrix: alength= 4 w= 7 nsites= 11009
0.0001 0.0084 0.0300 0.9615
0.0219 0.0001 0.0355 0.9425
0.1101 0.0716 0.0108 0.8075
0.0934 0.0504 0.0869 0.7693
0.1235 0.0001 0.0004 0.8761
0.3394 0.0284 0.0001 0.6321
0.1810 0.1888 0.0001 0.6302

MOTIF filter14
letter-probability matrix: alength= 4 w= 7 nsites= 21143
0.2032 0.1582 0.6355 0.0031
0.1773 0.0738 0.6533 0.0956
0.0991 0.0721 0.7917 0.0371
0.2061 0.1851 0.5244 0.0844
0.3780 0.0453 0.5322 0.0445
0.2295 0.1131 0.5822 0.0752
0.1782 0.1642 0.6127 0.0449

MOTIF filter15
letter-probability matrix: alength= 4 w= 7 nsites= 7386
0.0854 0.1203 0.1100 0.6843
0.0001 0.0046 0.0800 0.9153
0.0001 0.0001 0.0047 0.9950
0.0001 0.0001 0.0001 0.9996
0.0336 0.0001 0.0034 0.9629
0.0710 0.0475 0.0181 0.8633
0.2520 0.0812 0.0471 0.6198

