MEME version 4

ALPHABET= ACGU

Background letter frequencies:
A 0.2542 C 0.2244 G 0.2241 U 0.2973

MOTIF filter0
letter-probability matrix: alength= 4 w= 7 nsites= 31261
0.0858 0.1809 0.7143 0.0190
0.2606 0.2186 0.4974 0.0234
0.2387 0.0760 0.5333 0.1519
0.2294 0.2242 0.5024 0.0440
0.2273 0.2900 0.3903 0.0924
0.2956 0.2128 0.3963 0.0953
0.2663 0.2148 0.4207 0.0981

MOTIF filter1
letter-probability matrix: alength= 4 w= 7 nsites= 27503
0.3543 0.0554 0.5837 0.0066
0.3106 0.0486 0.5255 0.1153
0.4931 0.1216 0.3665 0.0188
0.2091 0.1003 0.6402 0.0504
0.6068 0.2113 0.1469 0.0350
0.4248 0.2365 0.2210 0.1177
0.5715 0.0167 0.3559 0.0559

MOTIF filter2
letter-probability matrix: alength= 4 w= 7 nsites= 23642
0.2691 0.0434 0.6454 0.0421
0.0307 0.1167 0.8378 0.0148
0.3866 0.3176 0.2329 0.0629
0.3277 0.2540 0.4182 0.0000
0.3257 0.0800 0.1116 0.4827
0.1744 0.2298 0.5928 0.0029
0.3213 0.2238 0.3159 0.1390

MOTIF filter3
letter-probability matrix: alength= 4 w= 7 nsites= 14700
0.8896 0.0289 0.0687 0.0129
0.1033 0.3893 0.0001 0.5073
0.8563 0.0024 0.1413 0.0001
0.4807 0.1341 0.0001 0.3851
0.2824 0.1822 0.3466 0.1887
0.4917 0.1172 0.0898 0.3013
0.5135 0.1590 0.0696 0.2578

MOTIF filter4
letter-probability matrix: alength= 4 w= 7 nsites= 12657
0.1609 0.2305 0.4053 0.2033
0.1679 0.3113 0.5033 0.0175
0.3809 0.4012 0.2176 0.0003
0.4778 0.0341 0.4358 0.0523
0.2238 0.2125 0.5066 0.0571
0.0942 0.7738 0.0735 0.0585
0.2903 0.6172 0.0212 0.0712

MOTIF filter5
letter-probability matrix: alength= 4 w= 7 nsites= 7810
0.0444 0.0192 0.0136 0.9228
0.0901 0.0589 0.0229 0.8281
0.0777 0.0788 0.0134 0.8300
0.0093 0.1079 0.0443 0.8385
0.0247 0.0362 0.0259 0.9132
0.0052 0.1012 0.0001 0.8934
0.1075 0.1331 0.0157 0.7437

MOTIF filter6
letter-probability matrix: alength= 4 w= 7 nsites= 21647
0.0081 0.0349 0.9473 0.0097
0.2571 0.2575 0.4204 0.0650
0.1608 0.4106 0.1596 0.2690
0.1181 0.3982 0.3905 0.0932
0.1883 0.3126 0.3979 0.1012
0.2483 0.1622 0.4224 0.1671
0.1224 0.1647 0.6752 0.0378

MOTIF filter7
letter-probability matrix: alength= 4 w= 7 nsites= 11836
0.2586 0.0653 0.0216 0.6545
0.1855 0.0875 0.0534 0.6736
0.0405 0.0141 0.0001 0.9454
0.1022 0.0150 0.2353 0.6475
0.1367 0.1019 0.0782 0.6832
0.1111 0.0794 0.0001 0.8095
0.1186 0.0001 0.1570 0.7243

MOTIF filter8
letter-probability matrix: alength= 4 w= 7 nsites= 11785
0.0775 0.6275 0.2445 0.0505
0.1758 0.4049 0.2580 0.1613
0.3278 0.3670 0.2378 0.0675
0.0365 0.3612 0.2876 0.3148
0.0154 0.6452 0.3232 0.0162
0.2480 0.1836 0.3204 0.2480
0.1087 0.8414 0.0412 0.0087

MOTIF filter9
letter-probability matrix: alength= 4 w= 7 nsites= 7678
0.0001 0.0033 0.0370 0.9596
0.0034 0.0266 0.0001 0.9699
0.0285 0.1077 0.1187 0.7451
0.0898 0.1664 0.0404 0.7035
0.0030 0.1303 0.0095 0.8572
0.0001 0.0268 0.0001 0.9729
0.0036 0.0756 0.0001 0.9206

MOTIF filter10
letter-probability matrix: alength= 4 w= 7 nsites= 24484
0.4743 0.1054 0.3458 0.0745
0.5438 0.1616 0.0765 0.2181
0.5847 0.0381 0.3771 0.0000
0.5384 0.0335 0.0033 0.4248
0.4930 0.0638 0.4224 0.0208
0.7072 0.1246 0.0660 0.1023
0.6012 0.0969 0.1789 0.1230

MOTIF filter11
letter-probability matrix: alength= 4 w= 7 nsites= 2941
0.0109 0.1093 0.0598 0.8200
0.0401 0.2835 0.0003 0.6761
0.0003 0.0564 0.0031 0.9402
0.0003 0.1980 0.0003 0.8014
0.0003 0.4608 0.0003 0.5385
0.0003 0.6115 0.0003 0.3878
0.0951 0.6061 0.0003 0.2985

MOTIF filter12
letter-probability matrix: alength= 4 w= 7 nsites= 608945
0.2692 0.2309 0.2159 0.2841
0.2747 0.2483 0.2169 0.2600
0.2044 0.2221 0.2128 0.3607
0.2186 0.2230 0.2386 0.3199
0.2003 0.2012 0.2601 0.3384
0.2199 0.2486 0.1938 0.3377
0.2379 0.2071 0.2442 0.3107

MOTIF filter13
letter-probability matrix: alength= 4 w= 7 nsites= 20185
0.2135 0.2194 0.5401 0.0269
0.1250 0.3441 0.4008 0.1301
0.1280 0.2927 0.4291 0.1502
0.3403 0.1921 0.3682 0.0994
0.1020 0.2366 0.5557 0.1058
0.1735 0.3008 0.3632 0.1626
0.1434 0.2744 0.4497 0.1326

MOTIF filter14
letter-probability matrix: alength= 4 w= 7 nsites= 6964
0.0026 0.1028 0.0476 0.8470
0.0103 0.1843 0.0433 0.7621
0.0258 0.2092 0.0029 0.7621
0.0001 0.0122 0.0037 0.9839
0.0001 0.0043 0.0001 0.9954
0.0191 0.2286 0.0340 0.7183
0.1224 0.4348 0.0001 0.4426

MOTIF filter15
letter-probability matrix: alength= 4 w= 7 nsites= 10190
0.4270 0.1409 0.0168 0.4153
0.4915 0.1023 0.2718 0.1344
0.6215 0.0746 0.1533 0.1506
0.3796 0.2312 0.0001 0.3891
0.2379 0.0465 0.7146 0.0010
0.0993 0.0009 0.0001 0.8997
0.1348 0.0158 0.8392 0.0102

