MEME version 4

ALPHABET= FTIHMS

Background letter frequencies:
F 0.0524 T 0.0538 I 0.1357 H 0.1393 M 0.1115 S 0.5072

MOTIF filter0
letter-probability matrix: alength= 6 w= 7 nsites= 12490
0.0001 0.0001 0.0004 0.0001 0.0001 0.9993
0.0001 0.0001 0.0539 0.0001 0.0132 0.9326
0.0001 0.0014 0.1705 0.0001 0.0270 0.8008
0.0001 0.0014 0.3078 0.0001 0.0093 0.6813
0.0001 0.0017 0.0547 0.0001 0.0001 0.9434
0.0001 0.0178 0.1311 0.0767 0.0276 0.7466
0.0001 0.0357 0.1784 0.1484 0.0478 0.5896

MOTIF filter1
letter-probability matrix: alength= 6 w= 7 nsites= 25576
0.0157 0.0028 0.1689 0.1042 0.1664 0.5420
0.0157 0.0028 0.1612 0.0646 0.1576 0.5981
0.0157 0.0102 0.2199 0.0659 0.0982 0.5901
0.0157 0.0102 0.2687 0.0559 0.0374 0.6121
0.0000 0.0235 0.2483 0.0525 0.0478 0.6279
0.0000 0.0305 0.1953 0.0825 0.0503 0.6413
0.0000 0.0440 0.1799 0.1153 0.0717 0.5891

MOTIF filter2
letter-probability matrix: alength= 6 w= 7 nsites= 26197
0.0000 0.5989 0.1105 0.0000 0.0008 0.2897
0.0000 0.6710 0.1193 0.0000 0.0000 0.2096
0.0000 0.7263 0.1200 0.0297 0.0000 0.1239
0.0000 0.7658 0.1200 0.1114 0.0000 0.0026
0.0000 0.7660 0.1200 0.1139 0.0000 0.0000
0.0000 0.7660 0.0805 0.1129 0.0000 0.0405
0.0000 0.7660 0.0558 0.0985 0.0000 0.0797

MOTIF filter3
letter-probability matrix: alength= 6 w= 7 nsites= 140768
0.2298 0.0000 0.2508 0.0000 0.0005 0.5189
0.2034 0.0000 0.1538 0.0000 0.0004 0.6425
0.1766 0.0000 0.2849 0.0000 0.0008 0.5377
0.1537 0.0000 0.1041 0.0002 0.0076 0.7344
0.1341 0.0017 0.1468 0.0073 0.0328 0.6772
0.1174 0.0119 0.1792 0.0434 0.0560 0.5920
0.1029 0.0233 0.1845 0.0745 0.0712 0.5437

MOTIF filter4
letter-probability matrix: alength= 6 w= 7 nsites= 85807
0.4739 0.0000 0.0068 0.0000 0.0676 0.4516
0.4223 0.0000 0.0096 0.0000 0.0002 0.5679
0.3782 0.0000 0.0269 0.0145 0.0082 0.5722
0.3341 0.0000 0.0546 0.0349 0.0092 0.5672
0.2899 0.0000 0.0900 0.0560 0.0164 0.5477
0.2524 0.0070 0.1196 0.0886 0.0394 0.4930
0.2203 0.0136 0.1294 0.1107 0.0530 0.4730

MOTIF filter5
letter-probability matrix: alength= 6 w= 7 nsites= 149918
0.2325 0.0000 0.1143 0.0209 0.0038 0.6285
0.2027 0.0000 0.1274 0.0093 0.0000 0.6606
0.1727 0.0000 0.2501 0.0000 0.0009 0.5763
0.1474 0.0000 0.3390 0.0000 0.0099 0.5036
0.1260 0.0000 0.3085 0.0027 0.0037 0.5591
0.1102 0.0066 0.2487 0.0263 0.0289 0.5793
0.0966 0.0142 0.2160 0.0510 0.0471 0.5751

MOTIF filter6
letter-probability matrix: alength= 6 w= 7 nsites= 5655
0.0002 0.0002 0.0039 0.0002 0.0002 0.9954
0.0002 0.0002 0.0046 0.0002 0.1954 0.7995
0.0002 0.0002 0.0288 0.0002 0.1544 0.8163
0.0002 0.0037 0.0574 0.0138 0.2985 0.6264
0.0002 0.0094 0.4066 0.0277 0.3303 0.2258
0.0002 0.0134 0.2630 0.0427 0.2736 0.4070
0.0002 0.0185 0.1878 0.0549 0.2231 0.5155

MOTIF filter7
letter-probability matrix: alength= 6 w= 7 nsites= 130918
0.0000 0.0000 0.0271 0.1848 0.0083 0.7799
0.0000 0.0000 0.0003 0.3289 0.0214 0.6494
0.0000 0.0000 0.0308 0.3897 0.0052 0.5742
0.0000 0.0000 0.1544 0.4110 0.0000 0.4346
0.0000 0.0089 0.2440 0.4449 0.0147 0.2875
0.0000 0.0149 0.1861 0.3807 0.0258 0.3925
0.0000 0.0207 0.1482 0.3216 0.0320 0.4775

MOTIF filter8
letter-probability matrix: alength= 6 w= 7 nsites= 13298
0.0001 0.0119 0.0141 0.1505 0.0002 0.8233
0.0001 0.0325 0.0291 0.3948 0.0051 0.5385
0.0001 0.0632 0.0163 0.5914 0.0093 0.3197
0.0001 0.0877 0.0163 0.8025 0.0095 0.0840
0.0001 0.0995 0.0180 0.8431 0.0105 0.0288
0.0001 0.0995 0.0096 0.7035 0.0093 0.1780
0.0001 0.1012 0.0046 0.5442 0.0275 0.3225

MOTIF filter9
letter-probability matrix: alength= 6 w= 7 nsites= 107399
0.4099 0.0000 0.0343 0.0632 0.0012 0.4913
0.3529 0.0000 0.0664 0.0000 0.0058 0.5749
0.3037 0.0000 0.0602 0.0000 0.0084 0.6277
0.2616 0.0000 0.0611 0.0003 0.0035 0.6735
0.2316 0.0035 0.0857 0.0044 0.0404 0.6343
0.2017 0.0094 0.1348 0.0127 0.0845 0.5569
0.1760 0.0157 0.1546 0.0218 0.1124 0.5194

MOTIF filter10
letter-probability matrix: alength= 6 w= 7 nsites= 367820
0.0225 0.0389 0.1434 0.1537 0.0335 0.6080
0.0197 0.0427 0.1749 0.1337 0.0359 0.5930
0.0175 0.0468 0.1635 0.1255 0.0489 0.5979
0.0136 0.0537 0.1404 0.1391 0.0533 0.5999
0.0120 0.0596 0.1683 0.1480 0.0670 0.5451
0.0104 0.0691 0.1715 0.1561 0.0827 0.5102
0.0089 0.0796 0.1645 0.1587 0.0911 0.4972

MOTIF filter11
letter-probability matrix: alength= 6 w= 7 nsites= 13423
0.0001 0.9707 0.0022 0.0001 0.0010 0.0260
0.0001 0.9966 0.0006 0.0001 0.0010 0.0017
0.0001 0.9966 0.0001 0.0001 0.0007 0.0025
0.0001 0.9982 0.0001 0.0001 0.0007 0.0008
0.0001 0.9988 0.0001 0.0001 0.0007 0.0001
0.0001 0.9988 0.0001 0.0001 0.0006 0.0003
0.0001 0.9988 0.0001 0.0001 0.0004 0.0004

MOTIF filter12
letter-probability matrix: alength= 6 w= 7 nsites= 20898
0.0000 0.0000 0.0561 0.4135 0.3097 0.2207
0.0000 0.0015 0.0052 0.3727 0.1942 0.4264
0.0000 0.0029 0.0540 0.3759 0.2500 0.3172
0.0000 0.0029 0.0520 0.3704 0.2492 0.3254
0.0000 0.0099 0.0684 0.3668 0.2458 0.3091
0.0000 0.0160 0.0752 0.2942 0.2088 0.4058
0.0000 0.0230 0.0749 0.2455 0.1822 0.4745

MOTIF filter13
letter-probability matrix: alength= 6 w= 7 nsites= 1234
0.0008 0.0008 0.0008 0.2145 0.0008 0.7823
0.0008 0.0008 0.0008 0.0008 0.0145 0.9823
0.0008 0.0105 0.0387 0.0008 0.0202 0.9290
0.0008 0.0105 0.4895 0.0008 0.0202 0.4782
0.0008 0.0234 0.5839 0.0008 0.1323 0.2589
0.0008 0.0234 0.2984 0.0008 0.1081 0.5685
0.0008 0.0298 0.2113 0.0008 0.0935 0.6637

MOTIF filter14
letter-probability matrix: alength= 6 w= 7 nsites= 20042
0.0000 0.5608 0.0041 0.0402 0.2465 0.1483
0.0000 0.5889 0.0007 0.0428 0.2756 0.0919
0.0000 0.6262 0.0000 0.0428 0.2949 0.0360
0.0000 0.6458 0.0000 0.0149 0.2761 0.0630
0.0000 0.6565 0.0000 0.0000 0.0527 0.2906
0.0000 0.6566 0.0240 0.0010 0.0421 0.2761
0.0000 0.6585 0.0522 0.0109 0.0350 0.2434

MOTIF filter15
letter-probability matrix: alength= 6 w= 7 nsites= 618788
0.0047 0.0244 0.1757 0.0694 0.1145 0.6113
0.0001 0.0291 0.1831 0.0948 0.1235 0.5695
0.0000 0.0349 0.1920 0.1220 0.1300 0.5210
0.0000 0.0414 0.1755 0.1491 0.1356 0.4984
0.0000 0.0487 0.1377 0.1569 0.1361 0.5206
0.0000 0.0568 0.1412 0.1594 0.1329 0.5097
0.0000 0.0665 0.1421 0.1602 0.1291 0.5021

