MEME version 4

ALPHABET= ACGU

Background letter frequencies:
A 0.2680 C 0.2179 G 0.2195 U 0.2947

MOTIF filter0
letter-probability matrix: alength= 4 w= 7 nsites= 4016
0.3137 0.4754 0.0002 0.2107
0.4005 0.0075 0.0002 0.5918
0.1575 0.7975 0.0002 0.0448
0.2908 0.1642 0.0152 0.5299
0.0095 0.4836 0.0002 0.5067
0.2229 0.4861 0.0002 0.2908
0.1933 0.6104 0.0002 0.1960

MOTIF filter1
letter-probability matrix: alength= 4 w= 7 nsites= 22156
0.4423 0.0935 0.1098 0.3543
0.0019 0.0025 0.9952 0.0004
0.3834 0.2024 0.1082 0.3060
0.1869 0.0593 0.6217 0.1322
0.2647 0.0558 0.5053 0.1742
0.1366 0.1272 0.6440 0.0922
0.4172 0.2177 0.1347 0.2304

MOTIF filter2
letter-probability matrix: alength= 4 w= 7 nsites= 4797
0.1475 0.4720 0.0002 0.3803
0.5147 0.0748 0.0002 0.4103
0.2670 0.5068 0.0002 0.2260
0.0002 0.4120 0.0002 0.5876
0.5116 0.2918 0.0002 0.1964
0.8863 0.0237 0.0002 0.0898
0.0437 0.7838 0.0002 0.1723

MOTIF filter3
letter-probability matrix: alength= 4 w= 7 nsites= 3728
0.9788 0.0139 0.0003 0.0070
0.0571 0.7026 0.0003 0.2401
0.3639 0.0080 0.0003 0.6278
0.2926 0.3108 0.0003 0.3963
0.4949 0.1297 0.0003 0.3751
0.4654 0.3122 0.0003 0.2221
0.0740 0.5935 0.0003 0.3323

MOTIF filter4
letter-probability matrix: alength= 4 w= 7 nsites= 9886
0.3184 0.4430 0.0213 0.2173
0.0561 0.4088 0.5330 0.0021
0.1070 0.5877 0.2031 0.1022
0.0718 0.8374 0.0816 0.0092
0.0999 0.5660 0.0949 0.2391
0.1058 0.5320 0.3357 0.0266
0.1547 0.2975 0.4304 0.1174

MOTIF filter5
letter-probability matrix: alength= 4 w= 7 nsites= 853325
0.2701 0.2197 0.2142 0.2960
0.2663 0.2167 0.2201 0.2969
0.2679 0.2170 0.2187 0.2964
0.2672 0.2173 0.2183 0.2973
0.2702 0.2192 0.2172 0.2934
0.2643 0.2156 0.2175 0.3026
0.2687 0.2218 0.2206 0.2888

MOTIF filter6
letter-probability matrix: alength= 4 w= 7 nsites= 19416
0.0280 0.1471 0.8235 0.0015
0.2036 0.3303 0.3239 0.1422
0.0321 0.3140 0.6438 0.0101
0.1290 0.3679 0.3209 0.1821
0.2028 0.3040 0.3977 0.0954
0.0291 0.2158 0.6762 0.0789
0.1278 0.4851 0.3434 0.0438

MOTIF filter7
letter-probability matrix: alength= 4 w= 7 nsites= 21914
0.1888 0.1976 0.3678 0.2458
0.3049 0.3378 0.0755 0.2819
0.4114 0.0213 0.0544 0.5130
0.0506 0.0511 0.7729 0.1254
0.2557 0.2587 0.1712 0.3144
0.2842 0.2715 0.1290 0.3153
0.2504 0.2091 0.1987 0.3418

MOTIF filter8
letter-probability matrix: alength= 4 w= 7 nsites= 1728
0.2575 0.1570 0.0006 0.5849
0.0081 0.0012 0.0006 0.9902
0.1137 0.5785 0.0006 0.3072
0.7812 0.2084 0.0012 0.0092
0.8083 0.1836 0.0006 0.0075
0.1432 0.6651 0.1345 0.0572
0.1553 0.1212 0.0479 0.6755

MOTIF filter9
letter-probability matrix: alength= 4 w= 7 nsites= 17826
0.3957 0.1469 0.0507 0.4067
0.0624 0.0122 0.8245 0.1008
0.0974 0.0824 0.7110 0.1091
0.2561 0.3027 0.1634 0.2777
0.3109 0.0319 0.2500 0.4072
0.0649 0.0672 0.7534 0.1145
0.2567 0.2287 0.2328 0.2819

MOTIF filter10
letter-probability matrix: alength= 4 w= 7 nsites= 21495
0.3780 0.0984 0.2273 0.2963
0.0459 0.0627 0.8429 0.0486
0.3264 0.3163 0.1590 0.1983
0.3357 0.1778 0.1747 0.3118
0.1411 0.0302 0.7411 0.0876
0.0344 0.0047 0.9360 0.0250
0.1513 0.1002 0.6099 0.1387

MOTIF filter11
letter-probability matrix: alength= 4 w= 7 nsites= 27708
0.2041 0.2697 0.3688 0.1574
0.3935 0.1318 0.1535 0.3212
0.0224 0.0119 0.9483 0.0174
0.2199 0.1157 0.5139 0.1505
0.1561 0.1516 0.5892 0.1031
0.3228 0.0792 0.3986 0.1994
0.0670 0.0606 0.8063 0.0662

MOTIF filter12
letter-probability matrix: alength= 4 w= 7 nsites= 4387
0.2138 0.5953 0.0002 0.1906
0.3061 0.0130 0.0002 0.6807
0.0216 0.1130 0.0002 0.8652
0.2788 0.4621 0.0002 0.2589
0.4835 0.2218 0.0002 0.2945
0.1303 0.2275 0.0002 0.6420
0.0023 0.9973 0.0002 0.0002

MOTIF filter13
letter-probability matrix: alength= 4 w= 7 nsites= 5712
0.3413 0.1127 0.0002 0.5458
0.2853 0.1034 0.0002 0.6111
0.1784 0.5787 0.0002 0.2427
0.1029 0.5917 0.0002 0.3053
0.2344 0.4727 0.0002 0.2927
0.4160 0.3401 0.0002 0.2437
0.0003 0.9778 0.0002 0.0217

MOTIF filter14
letter-probability matrix: alength= 4 w= 7 nsites= 25681
0.0507 0.1175 0.7454 0.0864
0.1888 0.3491 0.3260 0.1361
0.3161 0.2551 0.0354 0.3934
0.1290 0.0476 0.6973 0.1261
0.0422 0.0141 0.8900 0.0536
0.0624 0.1011 0.7924 0.0441
0.3249 0.3109 0.1090 0.2552

MOTIF filter15
letter-probability matrix: alength= 4 w= 7 nsites= 5385
0.2737 0.4179 0.0002 0.3082
0.1947 0.5548 0.0002 0.2503
0.3336 0.3257 0.0002 0.3405
0.0022 0.2024 0.0002 0.7951
0.4511 0.3446 0.0002 0.2041
0.2004 0.0490 0.0002 0.7504
0.0011 0.9985 0.0002 0.0002

