MEME version 4

ALPHABET= ACGU

Background letter frequencies:
A 0.2589 C 0.2310 G 0.2287 U 0.2815

MOTIF filter0
letter-probability matrix: alength= 4 w= 7 nsites= 5014
0.3958 0.3589 0.1056 0.1397
0.0219 0.8621 0.0014 0.1146
0.6479 0.0002 0.2846 0.0674
0.0522 0.6897 0.2186 0.0395
0.5536 0.2483 0.0141 0.1839
0.3760 0.1710 0.3167 0.1363
0.0124 0.7517 0.0373 0.1987

MOTIF filter1
letter-probability matrix: alength= 4 w= 7 nsites= 4626
0.0145 0.5549 0.1002 0.3305
0.0724 0.0179 0.4616 0.4482
0.2950 0.0002 0.0408 0.6639
0.0665 0.8935 0.0002 0.0397
0.4367 0.4238 0.0156 0.1240
0.5678 0.1564 0.2240 0.0518
0.1542 0.3905 0.2754 0.1799

MOTIF filter2
letter-probability matrix: alength= 4 w= 7 nsites= 7869
0.1699 0.0834 0.6957 0.0509
0.2460 0.0776 0.6021 0.0743
0.0563 0.3032 0.6309 0.0097
0.1038 0.2515 0.4880 0.1567
0.0051 0.3779 0.1256 0.4914
0.1848 0.0345 0.7588 0.0218
0.2642 0.1830 0.5478 0.0050

MOTIF filter3
letter-probability matrix: alength= 4 w= 7 nsites= 11383
0.2782 0.0149 0.2324 0.4745
0.0908 0.0058 0.0270 0.8764
0.1377 0.0496 0.0648 0.7479
0.0643 0.0033 0.1621 0.7703
0.3167 0.0757 0.0076 0.6000
0.0004 0.0200 0.3134 0.6661
0.1729 0.0663 0.0327 0.7281

MOTIF filter4
letter-probability matrix: alength= 4 w= 7 nsites= 9747
0.3578 0.0136 0.5988 0.0297
0.0008 0.2180 0.5615 0.2197
0.0987 0.5793 0.2573 0.0647
0.0211 0.3045 0.1087 0.5657
0.2934 0.1571 0.4961 0.0534
0.3436 0.0366 0.6190 0.0008
0.0264 0.1014 0.7980 0.0742

MOTIF filter5
letter-probability matrix: alength= 4 w= 7 nsites= 4196
0.0714 0.3379 0.3681 0.2226
0.1014 0.4357 0.4626 0.0002
0.0002 0.2883 0.1762 0.5352
0.1398 0.5881 0.0510 0.2212
0.0767 0.0298 0.2555 0.6381
0.0710 0.6360 0.2929 0.0002
0.0557 0.1014 0.0036 0.8393

MOTIF filter6
letter-probability matrix: alength= 4 w= 7 nsites= 13993
0.8475 0.0009 0.0320 0.1195
0.4866 0.0015 0.2220 0.2898
0.6604 0.0041 0.0672 0.2683
0.3791 0.0168 0.2718 0.3324
0.9168 0.0067 0.0012 0.0752
0.3574 0.0081 0.3087 0.3258
0.6426 0.0324 0.0718 0.2532

MOTIF filter7
letter-probability matrix: alength= 4 w= 7 nsites= 4937
0.0308 0.7260 0.1366 0.1067
0.0016 0.7701 0.0016 0.2267
0.2975 0.1599 0.3775 0.1651
0.1775 0.0589 0.7628 0.0008
0.0777 0.1477 0.6993 0.0753
0.0852 0.5574 0.3572 0.0002
0.0322 0.0538 0.1390 0.7749

MOTIF filter8
letter-probability matrix: alength= 4 w= 7 nsites= 4960
0.0741 0.0161 0.8725 0.0373
0.5026 0.1440 0.0145 0.3388
0.0520 0.2871 0.5622 0.0987
0.1595 0.5800 0.1461 0.1144
0.1485 0.5554 0.1573 0.1388
0.0798 0.1950 0.2021 0.5232
0.2184 0.0355 0.7438 0.0024

MOTIF filter9
letter-probability matrix: alength= 4 w= 7 nsites= 5161
0.4875 0.0796 0.0159 0.4170
0.0796 0.0240 0.5710 0.3255
0.0333 0.6887 0.0587 0.2194
0.4360 0.0002 0.0064 0.5574
0.0571 0.4879 0.0589 0.3961
0.2639 0.4643 0.0112 0.2606
0.4509 0.1531 0.2201 0.1758

MOTIF filter10
letter-probability matrix: alength= 4 w= 7 nsites= 16970
0.0337 0.1986 0.0942 0.6735
0.0777 0.2503 0.0273 0.6447
0.0798 0.2544 0.0090 0.6568
0.1409 0.1223 0.1121 0.6247
0.0388 0.0436 0.0498 0.8678
0.1353 0.0718 0.0245 0.7684
0.0006 0.0098 0.1229 0.8667

MOTIF filter11
letter-probability matrix: alength= 4 w= 7 nsites= 5141
0.0012 0.0167 0.9275 0.0546
0.1755 0.5479 0.2575 0.0190
0.0002 0.2855 0.0274 0.6869
0.1073 0.2311 0.2573 0.4043
0.3920 0.0927 0.5151 0.0002
0.0181 0.2465 0.6997 0.0358
0.4072 0.3778 0.1743 0.0406

MOTIF filter12
letter-probability matrix: alength= 4 w= 7 nsites= 2239
0.3678 0.6304 0.0009 0.0009
0.3321 0.5551 0.0205 0.0923
0.1213 0.0379 0.1984 0.6424
0.0205 0.6206 0.1614 0.1975
0.2889 0.0004 0.0218 0.6888
0.1819 0.0027 0.0169 0.7985
0.0807 0.7093 0.0174 0.1926

MOTIF filter13
letter-probability matrix: alength= 4 w= 7 nsites= 3986
0.2281 0.1013 0.3506 0.3201
0.0471 0.5977 0.1494 0.2058
0.0734 0.3967 0.4466 0.0832
0.2386 0.3825 0.1170 0.2619
0.0594 0.0353 0.8744 0.0308
0.3489 0.2446 0.4050 0.0015
0.0165 0.2591 0.5589 0.1654

MOTIF filter14
letter-probability matrix: alength= 4 w= 7 nsites= 8052
0.2130 0.0420 0.6507 0.0943
0.4383 0.1363 0.0556 0.3698
0.3028 0.0067 0.5137 0.1769
0.6491 0.0951 0.0701 0.1857
0.2718 0.0005 0.6779 0.0498
0.7498 0.0259 0.1925 0.0318
0.0958 0.0187 0.7810 0.1044

MOTIF filter15
letter-probability matrix: alength= 4 w= 7 nsites= 6597
0.1001 0.2185 0.4973 0.1841
0.0056 0.8747 0.0665 0.0532
0.0265 0.8037 0.1329 0.0370
0.0276 0.6441 0.0058 0.3225
0.2228 0.3757 0.3384 0.0630
0.0600 0.1657 0.4468 0.3275
0.0220 0.1989 0.7784 0.0008

