MEME version 4

ALPHABET= ACGU

Background letter frequencies:
A 0.2680 C 0.2179 G 0.2195 U 0.2947

MOTIF filter0
letter-probability matrix: alength= 4 w= 7 nsites= 53182
0.0598 0.0297 0.8135 0.0970
0.0003 0.0020 0.9976 0.0000
0.2708 0.2148 0.2852 0.2291
0.2289 0.2019 0.3668 0.2024
0.2510 0.2149 0.2812 0.2528
0.2471 0.2403 0.2601 0.2525
0.2496 0.2324 0.2693 0.2487

MOTIF filter1
letter-probability matrix: alength= 4 w= 7 nsites= 39023
0.0880 0.0356 0.7669 0.1095
0.1904 0.1780 0.3768 0.2548
0.3772 0.0425 0.1014 0.4789
0.1013 0.0798 0.6607 0.1581
0.2556 0.2063 0.2897 0.2484
0.2521 0.2146 0.2530 0.2803
0.2590 0.2089 0.2727 0.2594

MOTIF filter2
letter-probability matrix: alength= 4 w= 7 nsites= 56037
0.2656 0.3067 0.2688 0.1589
0.1905 0.3570 0.2684 0.1841
0.3653 0.2430 0.0652 0.3265
0.1503 0.1944 0.5491 0.1062
0.2502 0.2310 0.2897 0.2291
0.2444 0.2354 0.2994 0.2207
0.2327 0.2310 0.2889 0.2474

MOTIF filter3
letter-probability matrix: alength= 4 w= 7 nsites= 19196
0.6196 0.3326 0.0354 0.0125
0.3380 0.4502 0.1450 0.0668
0.7007 0.1284 0.1667 0.0041
0.2736 0.1323 0.5921 0.0020
0.2977 0.2014 0.2969 0.2040
0.2710 0.2255 0.2910 0.2124
0.2722 0.2134 0.2689 0.2454

MOTIF filter4
letter-probability matrix: alength= 4 w= 7 nsites= 46536
0.2717 0.2751 0.2805 0.1727
0.3852 0.1145 0.1438 0.3566
0.0449 0.0058 0.9215 0.0278
0.2350 0.1714 0.4069 0.1867
0.2558 0.2231 0.2865 0.2345
0.2591 0.2098 0.2992 0.2318
0.2405 0.2245 0.2803 0.2548

MOTIF filter5
letter-probability matrix: alength= 4 w= 7 nsites= 2957
0.6288 0.0719 0.0003 0.2989
0.2901 0.6157 0.0003 0.0939
0.0446 0.6066 0.0003 0.3485
0.0344 0.4357 0.0003 0.5296
0.2736 0.2236 0.1456 0.3573
0.2722 0.2118 0.1952 0.3208
0.2935 0.2023 0.1857 0.3185

MOTIF filter6
letter-probability matrix: alength= 4 w= 7 nsites= 56334
0.2166 0.1604 0.3718 0.2513
0.2412 0.0290 0.4152 0.3147
0.0401 0.0362 0.7713 0.1524
0.2550 0.2175 0.2025 0.3249
0.2584 0.2123 0.2816 0.2476
0.2469 0.2131 0.2714 0.2686
0.2491 0.2210 0.2608 0.2691

MOTIF filter7
letter-probability matrix: alength= 4 w= 7 nsites= 21595
0.0703 0.0753 0.1044 0.7500
0.0336 0.0100 0.0621 0.8943
0.0357 0.0098 0.3982 0.5564
0.1408 0.0098 0.0670 0.7824
0.2379 0.1486 0.2076 0.4059
0.2575 0.1532 0.1626 0.4267
0.2591 0.1624 0.1792 0.3993

MOTIF filter8
letter-probability matrix: alength= 4 w= 7 nsites= 6340
0.0575 0.0002 0.0002 0.9422
0.0503 0.5668 0.0002 0.3827
0.9995 0.0002 0.0002 0.0002
0.3916 0.5129 0.0002 0.0954
0.3581 0.2137 0.1081 0.3200
0.3044 0.1838 0.1698 0.3421
0.3088 0.1849 0.1575 0.3488

MOTIF filter9
letter-probability matrix: alength= 4 w= 7 nsites= 14573
0.1439 0.2739 0.3720 0.2102
0.0440 0.6874 0.2686 0.0001
0.0056 0.7926 0.0001 0.2017
0.1686 0.8125 0.0188 0.0001
0.2553 0.3068 0.1443 0.2936
0.1863 0.3255 0.2903 0.1979
0.2009 0.3217 0.2739 0.2035

MOTIF filter10
letter-probability matrix: alength= 4 w= 7 nsites= 25611
0.1414 0.4297 0.0000 0.4289
0.1818 0.7361 0.0000 0.0820
0.1431 0.3896 0.0000 0.4673
0.0015 0.9984 0.0000 0.0000
0.3199 0.2778 0.0685 0.3338
0.2223 0.2613 0.2222 0.2942
0.2342 0.2827 0.2035 0.2796

MOTIF filter11
letter-probability matrix: alength= 4 w= 7 nsites= 44425
0.3361 0.0738 0.2768 0.3133
0.0058 0.0000 0.9941 0.0000
0.3506 0.2070 0.1469 0.2955
0.2176 0.1427 0.4433 0.1964
0.2590 0.2054 0.3099 0.2257
0.2488 0.2309 0.2643 0.2560
0.2493 0.2186 0.2726 0.2595

