MEME version 4

ALPHABET= FTIHMS

Background letter frequencies:
F 0.0561 T 0.0575 I 0.1315 H 0.1431 M 0.1180 S 0.4938

MOTIF filter0
letter-probability matrix: alength= 6 w= 7 nsites= 426
0.0023 0.0023 0.0023 0.0023 0.0023 0.9884
0.0023 0.0023 0.8519 0.0023 0.1389 0.0023
0.0023 0.0023 0.3866 0.0023 0.1250 0.4815
0.0023 0.0023 0.1458 0.0023 0.0926 0.7546
0.0023 0.0023 0.1319 0.0093 0.0787 0.7755
0.0023 0.0023 0.1366 0.0093 0.0949 0.7546
0.0023 0.0023 0.1528 0.0370 0.1157 0.6898

MOTIF filter1
letter-probability matrix: alength= 6 w= 7 nsites= 14743
0.0001 0.9939 0.0047 0.0001 0.0001 0.0012
0.0001 0.9939 0.0047 0.0001 0.0001 0.0012
0.0001 0.9939 0.0020 0.0001 0.0001 0.0038
0.0001 0.9939 0.0009 0.0003 0.0002 0.0046
0.0001 0.9939 0.0007 0.0006 0.0002 0.0045
0.0001 0.9939 0.0006 0.0011 0.0002 0.0041
0.0001 0.9940 0.0007 0.0015 0.0003 0.0034

MOTIF filter2
letter-probability matrix: alength= 6 w= 7 nsites= 292971
0.0969 0.0000 0.0618 0.0985 0.0070 0.7357
0.0858 0.0053 0.0609 0.1458 0.0306 0.6714
0.0763 0.0135 0.1319 0.1826 0.0639 0.5318
0.0681 0.0216 0.1564 0.2006 0.0831 0.4702
0.0611 0.0292 0.1538 0.2024 0.0913 0.4622
0.0550 0.0365 0.1449 0.1950 0.0931 0.4755
0.0497 0.0447 0.1388 0.1848 0.0925 0.4895

MOTIF filter3
letter-probability matrix: alength= 6 w= 7 nsites= 12435
0.0001 0.0041 0.2436 0.0001 0.0281 0.7241
0.0001 0.0133 0.1968 0.0001 0.0113 0.7784
0.0001 0.0253 0.2136 0.0766 0.0469 0.6375
0.0001 0.0355 0.2077 0.1307 0.0674 0.5586
0.0001 0.0463 0.1897 0.1694 0.0789 0.5156
0.0001 0.0566 0.1712 0.1977 0.0846 0.4899
0.0001 0.0683 0.1510 0.2019 0.0877 0.4910

MOTIF filter4
letter-probability matrix: alength= 6 w= 7 nsites= 117569
0.2742 0.0000 0.0392 0.0000 0.5824 0.1041
0.2418 0.0000 0.0000 0.0000 0.4913 0.2668
0.2142 0.0003 0.0075 0.0030 0.4174 0.3577
0.1904 0.0015 0.0258 0.0137 0.3586 0.4100
0.1700 0.0042 0.0461 0.0336 0.3129 0.4331
0.1524 0.0089 0.0642 0.0596 0.2774 0.4375
0.1373 0.0155 0.0781 0.0868 0.2486 0.4337

MOTIF filter5
letter-probability matrix: alength= 6 w= 7 nsites= 70444
0.0000 0.0007 0.0615 0.4896 0.0526 0.3956
0.0000 0.0023 0.0945 0.4957 0.1401 0.2673
0.0000 0.0023 0.0879 0.3991 0.1251 0.3855
0.0000 0.0024 0.0853 0.3278 0.1153 0.4692
0.0000 0.0030 0.0962 0.2822 0.1103 0.5083
0.0000 0.0047 0.1094 0.2472 0.1101 0.5286
0.0000 0.0082 0.1219 0.2204 0.1165 0.5330

MOTIF filter6
letter-probability matrix: alength= 6 w= 7 nsites= 119011
0.3087 0.0000 0.0054 0.0000 0.0220 0.6638
0.2711 0.0000 0.0127 0.0008 0.0070 0.7083
0.2391 0.0091 0.1155 0.0462 0.0532 0.5369
0.2118 0.0161 0.1480 0.0800 0.0761 0.4681
0.1883 0.0216 0.1491 0.1046 0.0847 0.4516
0.1682 0.0266 0.1437 0.1244 0.0879 0.4492
0.1508 0.0320 0.1386 0.1336 0.0886 0.4564

MOTIF filter7
letter-probability matrix: alength= 6 w= 7 nsites= 37061
0.0000 0.0106 0.4161 0.0000 0.0134 0.5599
0.0000 0.0142 0.2498 0.0087 0.0261 0.7012
0.0000 0.0169 0.2259 0.0315 0.0294 0.6963
0.0000 0.0231 0.2248 0.0648 0.0399 0.6474
0.0000 0.0335 0.2193 0.1001 0.0539 0.5931
0.0000 0.0462 0.2072 0.1294 0.0664 0.5508
0.0000 0.0600 0.1918 0.1484 0.0735 0.5262

MOTIF filter8
letter-probability matrix: alength= 6 w= 7 nsites= 22
0.0357 0.0357 0.0357 0.8214 0.0357 0.0357
0.0357 0.0357 0.0357 0.0357 0.0357 0.8214
0.0357 0.0357 0.0357 0.0357 0.0357 0.8214
0.0357 0.0357 0.0357 0.0357 0.7857 0.0714
0.0357 0.0357 0.0357 0.0357 0.5357 0.3214
0.0357 0.0357 0.0357 0.0357 0.4286 0.4286
0.0357 0.0357 0.0714 0.0357 0.2857 0.5357

MOTIF filter9
letter-probability matrix: alength= 6 w= 7 nsites= 9835
0.0001 0.0001 0.0984 0.0316 0.0001 0.8697
0.0001 0.0001 0.0001 0.1527 0.0001 0.8469
0.0001 0.0126 0.1024 0.2501 0.0172 0.6176
0.0001 0.0260 0.1400 0.3240 0.0265 0.4834
0.0001 0.0389 0.1450 0.3695 0.0312 0.4153
0.0001 0.0499 0.1276 0.3703 0.0317 0.4204
0.0001 0.0616 0.1103 0.3589 0.0334 0.4357

MOTIF filter10
letter-probability matrix: alength= 6 w= 7 nsites= 470
0.0021 0.0021 0.0021 0.0945 0.2164 0.6828
0.0021 0.0021 0.0021 0.0945 0.8971 0.0021
0.0021 0.0021 0.0021 0.0945 0.7038 0.1954
0.0021 0.0021 0.0021 0.0630 0.5420 0.3887
0.0021 0.0021 0.0168 0.0441 0.4475 0.4874
0.0021 0.0021 0.0441 0.0504 0.3950 0.5063
0.0021 0.0021 0.0672 0.0777 0.3613 0.4895

MOTIF filter11
letter-probability matrix: alength= 6 w= 7 nsites= 72128
0.0000 0.0010 0.0913 0.0000 0.0024 0.9053
0.0000 0.0221 0.1817 0.0000 0.0119 0.7843
0.0000 0.0266 0.2125 0.0001 0.0801 0.6806
0.0000 0.0330 0.2163 0.0003 0.1365 0.6139
0.0000 0.0408 0.2069 0.0010 0.1744 0.5767
0.0000 0.0495 0.1941 0.0025 0.1952 0.5587
0.0000 0.0600 0.1807 0.0052 0.2030 0.5511

