MEME version 4

ALPHABET= FTIHMS

Background letter frequencies:
F 0.0505 T 0.0530 I 0.1390 H 0.1376 M 0.1082 S 0.5117

MOTIF filter0
letter-probability matrix: alength= 6 w= 7 nsites= 41264
0.0000 0.2412 0.2798 0.0000 0.4789 0.0000
0.0000 0.2412 0.2764 0.0000 0.4789 0.0034
0.0000 0.2412 0.1782 0.0000 0.4783 0.1022
0.0000 0.2417 0.1175 0.0000 0.4783 0.1624
0.0000 0.2439 0.0987 0.0029 0.4804 0.1741
0.0000 0.2451 0.0826 0.0095 0.4084 0.2543
0.0000 0.2482 0.0718 0.0171 0.3499 0.3129

MOTIF filter1
letter-probability matrix: alength= 6 w= 7 nsites= 747753
0.0654 0.0250 0.1370 0.1534 0.0553 0.5640
0.0564 0.0290 0.1501 0.1497 0.0624 0.5523
0.0493 0.0319 0.1507 0.1471 0.0675 0.5535
0.0424 0.0379 0.1410 0.1563 0.0728 0.5496
0.0366 0.0444 0.1276 0.1535 0.0791 0.5587
0.0318 0.0526 0.1410 0.1528 0.0878 0.5340
0.0277 0.0623 0.1464 0.1523 0.0934 0.5179

MOTIF filter2
letter-probability matrix: alength= 6 w= 7 nsites= 42536
0.0000 0.2375 0.0000 0.0000 0.7527 0.0097
0.0000 0.2398 0.0000 0.0000 0.7491 0.0110
0.0000 0.2423 0.0000 0.0000 0.7416 0.0161
0.0000 0.2446 0.0000 0.0000 0.6393 0.1161
0.0000 0.2467 0.0086 0.0000 0.5550 0.1896
0.0000 0.2471 0.0105 0.0035 0.4681 0.2707
0.0000 0.2489 0.0194 0.0138 0.3972 0.3206

MOTIF filter3
letter-probability matrix: alength= 6 w= 7 nsites= 125592
0.0000 0.0000 0.0373 0.5444 0.0000 0.4183
0.0000 0.0000 0.0383 0.3999 0.0033 0.5586
0.0000 0.0000 0.0112 0.2368 0.0000 0.7520
0.0000 0.0011 0.0000 0.1294 0.0154 0.8542
0.0000 0.0119 0.0793 0.1116 0.0867 0.7105
0.0000 0.0220 0.1469 0.0974 0.1328 0.6010
0.0000 0.0335 0.1675 0.0874 0.1625 0.5491

MOTIF filter4
letter-probability matrix: alength= 6 w= 7 nsites= 146307
0.0797 0.0000 0.0000 0.1705 0.0333 0.7165
0.0487 0.0000 0.1373 0.1481 0.0389 0.6270
0.0151 0.0000 0.1799 0.0277 0.0036 0.7737
0.0000 0.0000 0.0065 0.0010 0.0007 0.9918
0.0000 0.0000 0.0175 0.0303 0.0059 0.9463
0.0000 0.0158 0.1581 0.0734 0.0690 0.6838
0.0000 0.0325 0.2014 0.1071 0.1081 0.5509

MOTIF filter5
letter-probability matrix: alength= 6 w= 7 nsites= 119764
0.0000 0.0000 0.0107 0.6162 0.0109 0.3621
0.0000 0.0000 0.0397 0.4599 0.0137 0.4867
0.0000 0.0000 0.0721 0.3075 0.0162 0.6042
0.0000 0.0001 0.0438 0.1949 0.0125 0.7487
0.0000 0.0019 0.0420 0.1361 0.0656 0.7543
0.0000 0.0099 0.1177 0.1091 0.1122 0.6510
0.0000 0.0205 0.1550 0.0896 0.1476 0.5873

MOTIF filter6
letter-probability matrix: alength= 6 w= 7 nsites= 14402
0.0001 0.0001 0.1808 0.0001 0.0110 0.8080
0.0001 0.0001 0.1372 0.0001 0.0015 0.8611
0.0001 0.0001 0.0001 0.0001 0.0001 0.9997
0.0001 0.0001 0.1189 0.0157 0.0263 0.8390
0.0001 0.0005 0.0420 0.0886 0.0001 0.8688
0.0001 0.0224 0.1422 0.1626 0.0396 0.6331
0.0001 0.0414 0.1897 0.2168 0.0615 0.4905

MOTIF filter7
letter-probability matrix: alength= 6 w= 7 nsites= 112714
0.3307 0.0885 0.0000 0.0000 0.4028 0.1780
0.2992 0.0893 0.0019 0.0037 0.3456 0.2603
0.2697 0.0915 0.0045 0.0140 0.2899 0.3303
0.2376 0.0937 0.0094 0.0324 0.2454 0.3815
0.2106 0.0972 0.0086 0.0583 0.2227 0.4026
0.1837 0.1014 0.0472 0.0800 0.1970 0.3908
0.1609 0.1066 0.0679 0.0987 0.1760 0.3900

MOTIF filter8
letter-probability matrix: alength= 6 w= 7 nsites= 41513
0.0000 0.0000 0.0000 0.0000 0.8015 0.1984
0.0000 0.0000 0.0000 0.0000 0.8636 0.1363
0.0000 0.0000 0.0120 0.0000 0.6007 0.3872
0.0000 0.0000 0.0199 0.0000 0.4223 0.5577
0.0000 0.0002 0.0069 0.0048 0.2868 0.7012
0.0000 0.0066 0.0608 0.0458 0.2413 0.6455
0.0000 0.0187 0.0983 0.0998 0.2067 0.5765

MOTIF filter9
letter-probability matrix: alength= 6 w= 7 nsites= 116583
0.0000 0.0000 0.0734 0.6967 0.0110 0.2189
0.0000 0.0000 0.0336 0.5338 0.0056 0.4269
0.0000 0.0000 0.0553 0.3615 0.0157 0.5675
0.0000 0.0000 0.0050 0.2024 0.0264 0.7662
0.0000 0.0000 0.0564 0.1431 0.0535 0.7470
0.0000 0.0077 0.1327 0.1228 0.0893 0.6474
0.0000 0.0181 0.1597 0.1084 0.1213 0.5924

MOTIF filter10
letter-probability matrix: alength= 6 w= 7 nsites= 741912
0.0651 0.0216 0.1359 0.0896 0.0776 0.6103
0.0548 0.0257 0.1388 0.0960 0.0712 0.6136
0.0462 0.0310 0.1445 0.0978 0.0706 0.6098
0.0392 0.0373 0.1591 0.1228 0.0727 0.5688
0.0334 0.0444 0.1501 0.1223 0.0714 0.5783
0.0290 0.0530 0.1547 0.1339 0.0818 0.5475
0.0254 0.0632 0.1554 0.1413 0.0887 0.5260

MOTIF filter11
letter-probability matrix: alength= 6 w= 7 nsites= 85470
0.0000 0.0000 0.0478 0.0000 0.7858 0.1664
0.0000 0.0000 0.0000 0.0000 0.6025 0.3975
0.0000 0.0000 0.0000 0.0000 0.5063 0.4936
0.0000 0.0322 0.0297 0.0998 0.5390 0.2992
0.0000 0.0389 0.0500 0.1422 0.4845 0.2844
0.0000 0.0434 0.0502 0.1636 0.4048 0.3380
0.0000 0.0491 0.0533 0.1787 0.3407 0.3782

MOTIF filter12
letter-probability matrix: alength= 6 w= 7 nsites= 42368
0.8790 0.0000 0.0003 0.0000 0.0000 0.1207
0.7891 0.0000 0.0000 0.0000 0.0006 0.2102
0.7036 0.0000 0.0073 0.0007 0.0033 0.2850
0.6320 0.0000 0.0238 0.0056 0.0170 0.3216
0.5603 0.0000 0.0558 0.0104 0.0291 0.3444
0.4886 0.0000 0.0666 0.0166 0.0350 0.3931
0.4280 0.0000 0.0786 0.0242 0.0426 0.4266

MOTIF filter13
letter-probability matrix: alength= 6 w= 7 nsites= 18011
0.0001 0.1017 0.1781 0.1999 0.0929 0.4273
0.0001 0.1196 0.0140 0.0878 0.0269 0.7517
0.0001 0.1374 0.0001 0.0001 0.0001 0.8624
0.0001 0.1884 0.1930 0.0001 0.0001 0.6184
0.0001 0.2089 0.7319 0.0001 0.0001 0.0590
0.0001 0.2107 0.4104 0.0063 0.0027 0.3698
0.0001 0.2119 0.2368 0.0098 0.0050 0.5364

MOTIF filter14
letter-probability matrix: alength= 6 w= 7 nsites= 66251
0.0000 0.0000 0.0000 0.0000 0.0290 0.9709
0.0000 0.0000 0.0392 0.0000 0.2745 0.6862
0.0000 0.0000 0.1514 0.0000 0.4686 0.3799
0.0000 0.0000 0.1212 0.0000 0.4267 0.4520
0.0000 0.0000 0.1526 0.0001 0.3743 0.4729
0.0000 0.0035 0.1409 0.0115 0.3214 0.5227
0.0000 0.0088 0.1352 0.0284 0.2762 0.5514

MOTIF filter15
letter-probability matrix: alength= 6 w= 7 nsites= 58749
0.7525 0.0000 0.0000 0.0000 0.0260 0.2215
0.6964 0.0000 0.0037 0.0000 0.0001 0.2997
0.6130 0.0004 0.0448 0.0000 0.0023 0.3395
0.5395 0.0026 0.0536 0.0000 0.0017 0.4026
0.4660 0.0049 0.0129 0.0000 0.0014 0.5148
0.4043 0.0086 0.0643 0.0230 0.0152 0.4846
0.3527 0.0130 0.0957 0.0461 0.0294 0.4631

