MEME version 4

ALPHABET= ACGU

Background letter frequencies:
A 0.2704 C 0.2112 G 0.2171 U 0.3013

MOTIF filter0
letter-probability matrix: alength= 4 w= 7 nsites= 1419
0.4512 0.2270 0.0639 0.2579
0.9613 0.0372 0.0007 0.0007
0.0007 0.0007 0.0007 0.9979
0.8074 0.0007 0.0007 0.1911
0.2558 0.1890 0.1258 0.4294
0.3450 0.1321 0.1420 0.3809
0.2586 0.1504 0.1398 0.4512

MOTIF filter1
letter-probability matrix: alength= 4 w= 7 nsites= 4063
0.2073 0.0002 0.7922 0.0002
0.0841 0.0514 0.0538 0.8107
0.9993 0.0002 0.0002 0.0002
0.2820 0.1871 0.0170 0.5139
0.4362 0.1153 0.1443 0.3042
0.2378 0.1402 0.1424 0.4797
0.3447 0.1404 0.1601 0.3548

MOTIF filter2
letter-probability matrix: alength= 4 w= 7 nsites= 26047
0.1394 0.1823 0.2196 0.4586
0.0014 0.1551 0.6183 0.2252
0.1775 0.1643 0.3547 0.3035
0.0108 0.1806 0.6250 0.1836
0.2283 0.2335 0.2885 0.2497
0.2329 0.2310 0.3078 0.2283
0.2300 0.2258 0.2865 0.2576

MOTIF filter3
letter-probability matrix: alength= 4 w= 7 nsites= 31721
0.2554 0.2853 0.1145 0.3448
0.0997 0.1760 0.5369 0.1874
0.1814 0.2154 0.5450 0.0583
0.1878 0.2678 0.5027 0.0417
0.2508 0.2263 0.3049 0.2180
0.2209 0.2347 0.3190 0.2253
0.2369 0.2283 0.3057 0.2291

MOTIF filter4
letter-probability matrix: alength= 4 w= 7 nsites= 551802
0.2712 0.2239 0.2040 0.3009
0.2642 0.2276 0.2253 0.2829
0.3043 0.2352 0.2391 0.2215
0.2739 0.2149 0.2136 0.2977
0.2735 0.2126 0.2209 0.2930
0.2691 0.2136 0.2197 0.2976
0.2731 0.2145 0.2160 0.2963

MOTIF filter5
letter-probability matrix: alength= 4 w= 7 nsites= 4814
0.0002 0.0002 0.9994 0.0002
0.0002 0.0002 0.0002 0.9994
0.9994 0.0002 0.0002 0.0002
0.3057 0.2127 0.1160 0.3655
0.4601 0.1225 0.1131 0.3043
0.2516 0.1237 0.1389 0.4859
0.3535 0.1372 0.1266 0.3827

MOTIF filter6
letter-probability matrix: alength= 4 w= 7 nsites= 44051
0.0000 0.0000 0.9999 0.0000
0.3504 0.2570 0.1907 0.2019
0.2896 0.2258 0.2539 0.2306
0.2811 0.2075 0.2812 0.2301
0.2521 0.2306 0.2879 0.2293
0.2535 0.2162 0.2831 0.2473
0.2501 0.2176 0.3048 0.2276

MOTIF filter7
letter-probability matrix: alength= 4 w= 7 nsites= 2743
0.0004 0.0004 0.0004 0.9989
0.9989 0.0004 0.0004 0.0004
0.3393 0.2079 0.1187 0.3342
0.9989 0.0004 0.0004 0.0004
0.2421 0.0968 0.1285 0.5326
0.4554 0.1092 0.1289 0.3065
0.2781 0.1536 0.1332 0.4350

MOTIF filter8
letter-probability matrix: alength= 4 w= 7 nsites= 9121
0.0494 0.0732 0.0001 0.8773
0.6835 0.0001 0.3163 0.0001
0.0283 0.0001 0.0001 0.9715
0.9997 0.0001 0.0001 0.0001
0.2602 0.1431 0.1215 0.4752
0.4522 0.1099 0.1364 0.3015
0.2484 0.1439 0.1266 0.4811

MOTIF filter9
letter-probability matrix: alength= 4 w= 7 nsites= 33636
0.0154 0.0158 0.9522 0.0165
0.1488 0.0453 0.8059 0.0000
0.2054 0.1485 0.6461 0.0000
0.2382 0.2722 0.1190 0.3705
0.2455 0.2218 0.2641 0.2685
0.2495 0.2271 0.2592 0.2642
0.2501 0.2433 0.2641 0.2424

MOTIF filter10
letter-probability matrix: alength= 4 w= 7 nsites= 30723
0.0000 0.0000 0.9999 0.0000
0.3842 0.2411 0.1350 0.2397
0.2139 0.2146 0.4171 0.1545
0.3507 0.2499 0.2249 0.1745
0.2626 0.2365 0.2733 0.2276
0.2446 0.2284 0.2856 0.2414
0.2466 0.2282 0.2977 0.2275

MOTIF filter11
letter-probability matrix: alength= 4 w= 7 nsites= 19783
0.6905 0.1579 0.1369 0.0147
0.0028 0.2578 0.6037 0.1357
0.1006 0.5695 0.1913 0.1386
0.3681 0.5901 0.0090 0.0328
0.2517 0.2692 0.1732 0.3059
0.2130 0.2780 0.2612 0.2478
0.2092 0.2766 0.2588 0.2554

