MEME version 4

ALPHABET= ACGU

Background letter frequencies:
A 0.2677 C 0.2186 G 0.2216 U 0.2921

MOTIF filter0
letter-probability matrix: alength= 4 w= 7 nsites= 1704
0.5539 0.0006 0.0006 0.4450
0.3255 0.3126 0.0006 0.3612
0.3015 0.5662 0.0006 0.1317
0.3478 0.2559 0.0006 0.3958
0.2424 0.2008 0.0006 0.5562
0.1885 0.1136 0.0006 0.6973
0.0141 0.9567 0.0006 0.0287

MOTIF filter1
letter-probability matrix: alength= 4 w= 7 nsites= 1165
0.3362 0.0137 0.0009 0.6493
0.6775 0.2601 0.0060 0.0565
0.0351 0.5492 0.0009 0.4149
0.0009 0.0009 0.0009 0.9974
0.1873 0.8109 0.0009 0.0009
0.3550 0.3764 0.0043 0.2643
0.2729 0.1309 0.0607 0.5355

MOTIF filter2
letter-probability matrix: alength= 4 w= 7 nsites= 19243
0.2603 0.1550 0.2009 0.3838
0.0278 0.0280 0.8746 0.0696
0.0749 0.1724 0.6453 0.1073
0.2519 0.1958 0.2783 0.2740
0.1885 0.0522 0.5659 0.1934
0.0105 0.0065 0.9533 0.0296
0.1363 0.1634 0.5298 0.1705

MOTIF filter3
letter-probability matrix: alength= 4 w= 7 nsites= 2197
0.0363 0.2717 0.0005 0.6915
0.2608 0.5729 0.0005 0.1658
0.4139 0.1040 0.0005 0.4816
0.2721 0.1631 0.0005 0.5643
0.0014 0.6656 0.0005 0.3326
0.5216 0.0005 0.0005 0.4775
0.7183 0.2808 0.0005 0.0005

MOTIF filter4
letter-probability matrix: alength= 4 w= 7 nsites= 10567
0.0099 0.6604 0.2082 0.1215
0.0908 0.6899 0.1072 0.1121
0.0428 0.6499 0.3040 0.0033
0.2140 0.3126 0.0559 0.4176
0.0001 0.1071 0.8921 0.0008
0.1166 0.4135 0.2369 0.2330
0.0115 0.6941 0.2458 0.0486

MOTIF filter5
letter-probability matrix: alength= 4 w= 7 nsites= 756
0.7487 0.0013 0.0132 0.2368
0.7961 0.1539 0.0013 0.0487
0.0658 0.9197 0.0013 0.0132
0.0842 0.2118 0.2158 0.4882
0.0013 0.0908 0.0474 0.8605
0.4829 0.3395 0.0013 0.1763
0.7816 0.1355 0.0053 0.0776

MOTIF filter6
letter-probability matrix: alength= 4 w= 7 nsites= 7061
0.0862 0.0157 0.5817 0.3163
0.1145 0.0517 0.4425 0.3914
0.0943 0.0712 0.4921 0.3424
0.1108 0.1684 0.2025 0.5182
0.0531 0.0947 0.1219 0.7304
0.0426 0.0246 0.2204 0.7124
0.0207 0.0327 0.7389 0.2078

MOTIF filter7
letter-probability matrix: alength= 4 w= 7 nsites= 23574
0.3376 0.1143 0.2325 0.3155
0.0513 0.0562 0.8552 0.0373
0.3240 0.1229 0.2254 0.3277
0.0539 0.0314 0.9032 0.0115
0.3619 0.1422 0.2239 0.2721
0.1128 0.1565 0.6529 0.0777
0.3516 0.2624 0.1320 0.2540

MOTIF filter8
letter-probability matrix: alength= 4 w= 7 nsites= 6423
0.1752 0.3107 0.0002 0.5139
0.2892 0.0009 0.0002 0.7097
0.0966 0.5286 0.0002 0.3747
0.3197 0.0002 0.0002 0.6799
0.0333 0.5094 0.0002 0.4571
0.0652 0.1195 0.0002 0.8152
0.3482 0.6515 0.0002 0.0002

MOTIF filter9
letter-probability matrix: alength= 4 w= 7 nsites= 28742
0.2313 0.0965 0.2919 0.3803
0.0108 0.0135 0.9636 0.0122
0.3062 0.2703 0.1791 0.2444
0.2833 0.0810 0.3001 0.3356
0.0237 0.0230 0.9330 0.0203
0.3370 0.1425 0.1701 0.3504
0.1458 0.0734 0.5818 0.1989

MOTIF filter10
letter-probability matrix: alength= 4 w= 7 nsites= 25725
0.4503 0.0773 0.1400 0.3324
0.0079 0.0015 0.9906 0.0000
0.2680 0.2775 0.3142 0.1403
0.6124 0.0163 0.0223 0.3490
0.1132 0.0365 0.7827 0.0677
0.3676 0.0938 0.3047 0.2340
0.2695 0.1163 0.4335 0.1807

MOTIF filter11
letter-probability matrix: alength= 4 w= 7 nsites= 27117
0.4971 0.0110 0.1395 0.3524
0.1905 0.0001 0.7223 0.0871
0.4108 0.0535 0.2189 0.3168
0.4598 0.0089 0.1758 0.3554
0.3109 0.0033 0.2736 0.4122
0.0448 0.0000 0.9304 0.0247
0.3880 0.1523 0.1037 0.3560

MOTIF filter12
letter-probability matrix: alength= 4 w= 7 nsites= 29284
0.3010 0.1302 0.2542 0.3146
0.0007 0.0194 0.9772 0.0027
0.2285 0.2682 0.3515 0.1519
0.3848 0.0798 0.2467 0.2887
0.0018 0.0490 0.9388 0.0103
0.2766 0.3911 0.1063 0.2259
0.2976 0.2488 0.1086 0.3450

MOTIF filter13
letter-probability matrix: alength= 4 w= 7 nsites= 8304
0.0362 0.4473 0.4766 0.0398
0.1707 0.5793 0.1954 0.0546
0.0007 0.6399 0.3203 0.0391
0.1125 0.8008 0.0584 0.0283
0.0267 0.5395 0.2684 0.1654
0.1304 0.5928 0.2281 0.0487
0.0999 0.5376 0.2433 0.1193

MOTIF filter14
letter-probability matrix: alength= 4 w= 7 nsites= 33882
0.3085 0.2678 0.1072 0.3164
0.2643 0.0652 0.3169 0.3536
0.0000 0.0000 0.9999 0.0000
0.2968 0.3244 0.1053 0.2735
0.3639 0.0447 0.1762 0.4151
0.0463 0.0558 0.8003 0.0976
0.2567 0.2357 0.2114 0.2962

MOTIF filter15
letter-probability matrix: alength= 4 w= 7 nsites= 3724
0.2170 0.0437 0.0003 0.7390
0.0003 0.3018 0.0003 0.6977
0.5000 0.0003 0.0003 0.4995
0.2591 0.2025 0.0003 0.5381
0.5247 0.1644 0.0003 0.3106
0.2806 0.7189 0.0003 0.0003
0.3305 0.0486 0.0003 0.6207

