MEME version 4

ALPHABET= ACGU

Background letter frequencies:
A 0.2526 C 0.2267 G 0.2259 U 0.2948

MOTIF filter0
letter-probability matrix: alength= 4 w= 7 nsites= 1645
0.4451 0.1437 0.2408 0.1704
0.0006 0.8581 0.0006 0.1407
0.9982 0.0006 0.0006 0.0006
0.0006 0.0006 0.9982 0.0006
0.0491 0.0194 0.9284 0.0030
0.2341 0.2177 0.0904 0.4579
0.3172 0.1437 0.3002 0.2389

MOTIF filter1
letter-probability matrix: alength= 4 w= 7 nsites= 7961
0.2398 0.0472 0.6938 0.0192
0.3145 0.0959 0.5837 0.0059
0.7218 0.0030 0.0004 0.2748
0.4284 0.2185 0.2633 0.0899
0.3117 0.3907 0.1768 0.1208
0.4653 0.3194 0.0573 0.1581
0.5317 0.1153 0.3056 0.0475

MOTIF filter2
letter-probability matrix: alength= 4 w= 7 nsites= 3860
0.0018 0.0003 0.0186 0.9793
0.0003 0.1874 0.0003 0.8121
0.0554 0.2736 0.2681 0.4030
0.0023 0.2870 0.0003 0.7104
0.0003 0.2417 0.0003 0.7578
0.0003 0.2376 0.0003 0.7619
0.0153 0.4762 0.0003 0.5083

MOTIF filter3
letter-probability matrix: alength= 4 w= 7 nsites= 4657
0.0232 0.2605 0.0227 0.6936
0.0238 0.2459 0.0457 0.6846
0.0002 0.0002 0.0024 0.9972
0.0049 0.0599 0.0002 0.9350
0.0144 0.2886 0.0345 0.6625
0.0438 0.5338 0.0002 0.4222
0.2334 0.2379 0.0036 0.5250

MOTIF filter4
letter-probability matrix: alength= 4 w= 7 nsites= 23561
0.5149 0.0826 0.2667 0.1358
0.4761 0.1765 0.3165 0.0309
0.5671 0.0519 0.3362 0.0449
0.8712 0.0841 0.0234 0.0213
0.4034 0.3282 0.1093 0.1590
0.6407 0.1615 0.1235 0.0743
0.7711 0.0646 0.0604 0.1038

MOTIF filter5
letter-probability matrix: alength= 4 w= 7 nsites= 27116
0.3603 0.2076 0.3944 0.0378
0.0700 0.0272 0.8065 0.0963
0.0739 0.3707 0.5470 0.0084
0.3061 0.4045 0.2507 0.0387
0.2015 0.1636 0.4698 0.1651
0.1285 0.2958 0.5594 0.0164
0.1944 0.2695 0.4788 0.0573

MOTIF filter6
letter-probability matrix: alength= 4 w= 7 nsites= 7063
0.0071 0.0001 0.0074 0.9854
0.1651 0.2273 0.1071 0.5005
0.1398 0.0862 0.0001 0.7739
0.0001 0.0665 0.0010 0.9324
0.0001 0.2009 0.0001 0.7988
0.0392 0.3212 0.0004 0.6392
0.2406 0.2008 0.0045 0.5541

MOTIF filter7
letter-probability matrix: alength= 4 w= 7 nsites= 14439
0.0046 0.3517 0.6053 0.0384
0.3033 0.0630 0.5864 0.0473
0.0511 0.2304 0.6887 0.0298
0.0801 0.1974 0.5629 0.1596
0.0763 0.4625 0.4050 0.0562
0.1338 0.2265 0.4734 0.1663
0.1196 0.3159 0.5002 0.0643

MOTIF filter8
letter-probability matrix: alength= 4 w= 7 nsites= 16743
0.4286 0.0552 0.4701 0.0461
0.0135 0.1359 0.8012 0.0494
0.5290 0.1432 0.3052 0.0226
0.0685 0.1138 0.6700 0.1477
0.4159 0.1520 0.4117 0.0205
0.0733 0.2601 0.6174 0.0492
0.3964 0.2245 0.2390 0.1401

MOTIF filter9
letter-probability matrix: alength= 4 w= 7 nsites= 6929
0.0516 0.0626 0.0865 0.7992
0.0388 0.0440 0.0124 0.9048
0.0164 0.0796 0.0464 0.8575
0.0229 0.1287 0.0084 0.8400
0.0180 0.1386 0.0095 0.8338
0.0040 0.1264 0.0395 0.8301
0.0910 0.1357 0.0284 0.7448

MOTIF filter10
letter-probability matrix: alength= 4 w= 7 nsites= 3462
0.9991 0.0003 0.0003 0.0003
0.0003 0.0003 0.9991 0.0003
0.0796 0.0003 0.9198 0.0003
0.2934 0.0444 0.1220 0.5401
0.2995 0.1506 0.2787 0.2712
0.3058 0.1803 0.2164 0.2975
0.1518 0.3477 0.1420 0.3586

MOTIF filter11
letter-probability matrix: alength= 4 w= 7 nsites= 8609
0.0187 0.1788 0.0001 0.8024
0.6592 0.0012 0.2067 0.1329
0.2525 0.0704 0.0001 0.6770
0.5732 0.0154 0.1808 0.2306
0.2773 0.0201 0.0001 0.7025
0.4383 0.0344 0.2486 0.2788
0.4467 0.0303 0.0043 0.5188

MOTIF filter12
letter-probability matrix: alength= 4 w= 7 nsites= 1635
0.1190 0.6315 0.0006 0.2489
0.2825 0.3148 0.1098 0.2929
0.0323 0.0513 0.0738 0.8426
0.0006 0.0275 0.0177 0.9542
0.0415 0.0110 0.2282 0.7193
0.3106 0.2422 0.0012 0.4460
0.5473 0.2129 0.0610 0.1788

MOTIF filter13
letter-probability matrix: alength= 4 w= 7 nsites= 31682
0.1109 0.1052 0.7393 0.0446
0.3190 0.1889 0.3253 0.1667
0.3626 0.1359 0.4603 0.0412
0.0113 0.0520 0.9145 0.0222
0.3745 0.3660 0.0905 0.1690
0.3090 0.1481 0.3598 0.1831
0.1302 0.1480 0.6755 0.0462

MOTIF filter14
letter-probability matrix: alength= 4 w= 7 nsites= 33442
0.6344 0.1048 0.2065 0.0543
0.3955 0.0997 0.3391 0.1658
0.8080 0.1032 0.0887 0.0001
0.5167 0.2282 0.0007 0.2544
0.5180 0.0968 0.3820 0.0032
0.5385 0.1342 0.0009 0.3264
0.4295 0.1895 0.3009 0.0802

MOTIF filter15
letter-probability matrix: alength= 4 w= 7 nsites= 9628
0.1632 0.2525 0.1063 0.4780
0.6955 0.0013 0.0661 0.2370
0.5785 0.1103 0.3065 0.0048
0.0015 0.0009 0.0001 0.9975
0.4273 0.0008 0.5717 0.0001
0.5381 0.0350 0.0020 0.4249
0.2161 0.2565 0.2033 0.3241

