MEME version 4

ALPHABET= FTIHMS

Background letter frequencies:
F 0.0510 T 0.0537 I 0.1349 H 0.1379 M 0.1097 S 0.5127

MOTIF filter0
letter-probability matrix: alength= 6 w= 7 nsites= 95315
0.0000 0.0065 0.0708 0.0000 0.4385 0.4842
0.0000 0.0112 0.0355 0.0092 0.3558 0.5883
0.0000 0.0156 0.0912 0.0298 0.3289 0.5346
0.0000 0.0212 0.1163 0.0526 0.3018 0.5081
0.0000 0.0276 0.1233 0.0759 0.2751 0.4981
0.0000 0.0356 0.1260 0.0981 0.2469 0.4934
0.0000 0.0454 0.1250 0.1168 0.2208 0.4921

MOTIF filter1
letter-probability matrix: alength= 6 w= 7 nsites= 19486
0.0001 0.9732 0.0001 0.0001 0.0001 0.0266
0.0001 0.9997 0.0001 0.0001 0.0001 0.0001
0.0001 0.9997 0.0001 0.0001 0.0001 0.0001
0.0001 0.9997 0.0001 0.0001 0.0001 0.0001
0.0001 0.9997 0.0001 0.0001 0.0001 0.0001
0.0001 0.9997 0.0001 0.0001 0.0001 0.0001
0.0001 0.9997 0.0001 0.0001 0.0001 0.0001

MOTIF filter2
letter-probability matrix: alength= 6 w= 7 nsites= 38915
0.0000 0.0000 0.0000 0.9999 0.0000 0.0000
0.0000 0.0000 0.0000 0.7416 0.0000 0.2583
0.0000 0.0000 0.0000 0.5593 0.0000 0.4406
0.0000 0.0002 0.0283 0.4218 0.0067 0.5430
0.0000 0.0017 0.0639 0.3327 0.0243 0.5773
0.0000 0.0058 0.0974 0.2661 0.0501 0.5807
0.0000 0.0124 0.1211 0.2170 0.0770 0.5724

MOTIF filter3
letter-probability matrix: alength= 6 w= 7 nsites= 46864
0.8872 0.0000 0.0000 0.0000 0.0000 0.1128
0.7945 0.0000 0.0000 0.0011 0.0000 0.2043
0.6829 0.0000 0.0096 0.0019 0.0011 0.3044
0.5902 0.0000 0.0256 0.0051 0.0055 0.3735
0.5123 0.0000 0.0461 0.0113 0.0141 0.4162
0.4463 0.0000 0.0668 0.0196 0.0254 0.4419
0.3905 0.0000 0.0849 0.0297 0.0382 0.4567

MOTIF filter4
letter-probability matrix: alength= 6 w= 7 nsites= 114694
0.0000 0.0000 0.0272 0.4329 0.0000 0.5398
0.0000 0.0001 0.1307 0.3784 0.0201 0.4706
0.0000 0.0018 0.1249 0.2903 0.0466 0.5363
0.0000 0.0047 0.1257 0.2281 0.0722 0.5693
0.0000 0.0086 0.1329 0.1789 0.0971 0.5825
0.0000 0.0144 0.1411 0.1385 0.1185 0.5875
0.0000 0.0222 0.1473 0.1110 0.1369 0.5826

MOTIF filter5
letter-probability matrix: alength= 6 w= 7 nsites= 9769
0.0001 0.8734 0.0001 0.0001 0.0001 0.1262
0.0001 0.9995 0.0001 0.0001 0.0001 0.0001
0.0001 0.9995 0.0001 0.0001 0.0001 0.0001
0.0001 0.9995 0.0001 0.0001 0.0001 0.0001
0.0001 0.9995 0.0001 0.0001 0.0001 0.0001
0.0001 0.9995 0.0001 0.0001 0.0001 0.0001
0.0001 0.9995 0.0001 0.0001 0.0001 0.0001

MOTIF filter6
letter-probability matrix: alength= 6 w= 7 nsites= 40665
0.8931 0.0000 0.0000 0.0000 0.0000 0.1068
0.7864 0.0000 0.0000 0.0000 0.0000 0.2135
0.6796 0.0000 0.0090 0.0007 0.0010 0.3097
0.5898 0.0000 0.0258 0.0037 0.0053 0.3754
0.5137 0.0000 0.0465 0.0098 0.0141 0.4159
0.4495 0.0000 0.0676 0.0185 0.0258 0.4386
0.3946 0.0000 0.0852 0.0285 0.0386 0.4530

MOTIF filter7
letter-probability matrix: alength= 6 w= 7 nsites= 19373
0.0001 0.9515 0.0001 0.0001 0.0001 0.0483
0.0001 0.9997 0.0001 0.0001 0.0001 0.0001
0.0001 0.9997 0.0001 0.0001 0.0001 0.0001
0.0001 0.9997 0.0001 0.0001 0.0001 0.0001
0.0001 0.9997 0.0001 0.0001 0.0001 0.0001
0.0001 0.9997 0.0001 0.0001 0.0001 0.0001
0.0001 0.9997 0.0001 0.0001 0.0001 0.0001

MOTIF filter8
letter-probability matrix: alength= 6 w= 7 nsites= 103624
0.0000 0.0001 0.2917 0.2403 0.1748 0.2931
0.0000 0.0017 0.2933 0.2533 0.2097 0.2419
0.0000 0.0037 0.1986 0.2443 0.1786 0.3749
0.0000 0.0065 0.1477 0.2131 0.1543 0.4784
0.0000 0.0107 0.1343 0.1775 0.1394 0.5381
0.0000 0.0170 0.1314 0.1579 0.1275 0.5661
0.0000 0.0253 0.1322 0.1476 0.1197 0.5752

MOTIF filter9
letter-probability matrix: alength= 6 w= 7 nsites= 31607
0.6587 0.0000 0.2662 0.0623 0.0128 0.0000
0.6587 0.0000 0.2609 0.0623 0.0125 0.0056
0.5760 0.0000 0.1726 0.0595 0.0098 0.1821
0.5054 0.0000 0.1177 0.0359 0.0080 0.3329
0.4449 0.0002 0.0977 0.0261 0.0081 0.4229
0.3932 0.0012 0.1084 0.0241 0.0201 0.4528
0.3493 0.0045 0.1162 0.0312 0.0306 0.4682

MOTIF filter10
letter-probability matrix: alength= 6 w= 7 nsites= 53411
0.0000 0.0014 0.0985 0.0827 0.1637 0.6537
0.0000 0.0039 0.1475 0.1419 0.0969 0.6099
0.0000 0.0068 0.1435 0.1595 0.0901 0.6000
0.0000 0.0123 0.1521 0.1649 0.0907 0.5800
0.0000 0.0197 0.1553 0.1738 0.0930 0.5582
0.0000 0.0291 0.1572 0.1754 0.0927 0.5456
0.0000 0.0395 0.1604 0.1751 0.0918 0.5331

MOTIF filter11
letter-probability matrix: alength= 6 w= 7 nsites= 57618
0.0000 0.1815 0.2964 0.0604 0.1741 0.2875
0.0000 0.1819 0.2429 0.0630 0.0458 0.4665
0.0000 0.1835 0.1832 0.0543 0.0405 0.5385
0.0000 0.1871 0.1630 0.0631 0.0404 0.5464
0.0000 0.1930 0.1672 0.0806 0.0490 0.5102
0.0000 0.2017 0.1623 0.1036 0.0537 0.4786
0.0000 0.2127 0.1520 0.1202 0.0577 0.4575

