MEME version 4

ALPHABET= ACGU

Background letter frequencies:
A 0.2542 C 0.2244 G 0.2241 U 0.2973

MOTIF filter0
letter-probability matrix: alength= 4 w= 7 nsites= 10205
0.0001 0.2255 0.0783 0.6962
0.0001 0.0001 0.0001 0.9997
0.0001 0.2048 0.0001 0.7950
0.0001 0.3774 0.0001 0.6224
0.1509 0.2203 0.0897 0.5390
0.1640 0.1878 0.1318 0.5164
0.1910 0.1790 0.1473 0.4827

MOTIF filter1
letter-probability matrix: alength= 4 w= 7 nsites= 32392
0.1962 0.0543 0.7251 0.0244
0.0682 0.1041 0.7455 0.0822
0.0499 0.2102 0.6936 0.0463
0.3068 0.4154 0.2719 0.0059
0.2550 0.2513 0.2620 0.2317
0.2068 0.2433 0.3370 0.2130
0.2256 0.2410 0.3294 0.2040

MOTIF filter2
letter-probability matrix: alength= 4 w= 7 nsites= 32836
0.3900 0.0494 0.5438 0.0167
0.0596 0.2416 0.6556 0.0432
0.1725 0.3480 0.4248 0.0547
0.2640 0.3722 0.2404 0.1233
0.2304 0.2664 0.2735 0.2298
0.2119 0.2484 0.3327 0.2070
0.2192 0.2457 0.3153 0.2198

MOTIF filter3
letter-probability matrix: alength= 4 w= 7 nsites= 35400
0.0688 0.4202 0.3746 0.1364
0.0000 0.7699 0.1902 0.0399
0.3602 0.6282 0.0000 0.0116
0.1734 0.3662 0.3008 0.1596
0.2155 0.3078 0.2455 0.2311
0.2107 0.2976 0.2632 0.2284
0.2052 0.2969 0.2485 0.2494

MOTIF filter4
letter-probability matrix: alength= 4 w= 7 nsites= 22335
0.0969 0.1267 0.0000 0.7763
0.0986 0.0461 0.0000 0.8553
0.0197 0.0790 0.1214 0.7798
0.1365 0.1213 0.0873 0.6549
0.2084 0.1767 0.1386 0.4763
0.2216 0.1702 0.1459 0.4622
0.2333 0.1685 0.1459 0.4523

MOTIF filter5
letter-probability matrix: alength= 4 w= 7 nsites= 36633
0.1785 0.0360 0.7338 0.0517
0.2110 0.0680 0.6836 0.0374
0.4224 0.1798 0.2995 0.0982
0.4687 0.0633 0.4434 0.0246
0.2577 0.1946 0.3545 0.1932
0.2710 0.2114 0.3096 0.2081
0.2577 0.2072 0.3228 0.2122

MOTIF filter6
letter-probability matrix: alength= 4 w= 7 nsites= 18751
0.0001 0.3016 0.1015 0.5969
0.0131 0.2307 0.0449 0.7114
0.0001 0.0001 0.0001 0.9998
0.0001 0.0582 0.0001 0.9417
0.1552 0.1957 0.1442 0.5049
0.1906 0.1960 0.1359 0.4775
0.2138 0.1785 0.1442 0.4636

MOTIF filter7
letter-probability matrix: alength= 4 w= 7 nsites= 42534
0.2849 0.1666 0.5485 0.0000
0.2494 0.2254 0.4791 0.0460
0.7303 0.1495 0.1176 0.0025
0.3096 0.4344 0.2077 0.0482
0.3002 0.2240 0.2448 0.2310
0.2598 0.2191 0.2862 0.2348
0.2567 0.2377 0.2811 0.2245

MOTIF filter8
letter-probability matrix: alength= 4 w= 7 nsites= 46798
0.1717 0.0447 0.7572 0.0264
0.3417 0.0533 0.6001 0.0049
0.2315 0.2296 0.4289 0.1100
0.5191 0.3136 0.1324 0.0349
0.2726 0.2167 0.2855 0.2251
0.2556 0.2220 0.3049 0.2174
0.2582 0.2208 0.3112 0.2098

MOTIF filter9
letter-probability matrix: alength= 4 w= 7 nsites= 9790
0.0844 0.1068 0.0001 0.8087
0.0001 0.0999 0.0001 0.8999
0.0001 0.1021 0.0001 0.8977
0.0001 0.2259 0.0001 0.7739
0.1512 0.1932 0.1041 0.5515
0.1765 0.1717 0.1157 0.5360
0.1989 0.1596 0.1380 0.5035

MOTIF filter10
letter-probability matrix: alength= 4 w= 7 nsites= 14137
0.0001 0.2259 0.0001 0.7739
0.0001 0.1177 0.0001 0.8822
0.1105 0.3244 0.0001 0.5650
0.0660 0.4529 0.1909 0.2902
0.2139 0.2071 0.0970 0.4820
0.2148 0.1834 0.1623 0.4395
0.2165 0.1908 0.1646 0.4281

MOTIF filter11
letter-probability matrix: alength= 4 w= 7 nsites= 28243
0.5163 0.0241 0.1727 0.2869
0.0638 0.1787 0.0000 0.7575
0.8315 0.0000 0.1685 0.0000
0.4413 0.0308 0.0000 0.5279
0.3181 0.1515 0.1867 0.3437
0.2928 0.1613 0.1608 0.3850
0.3024 0.1694 0.1655 0.3627

