MEME version 4

ALPHABET= ACGU

Background letter frequencies:
A 0.2673 C 0.2194 G 0.2206 U 0.2928

MOTIF filter0
letter-probability matrix: alength= 4 w= 7 nsites= 7844
0.0001 0.6818 0.0001 0.3179
0.3354 0.0001 0.0001 0.6644
0.8215 0.0135 0.0001 0.1649
0.3579 0.4989 0.0001 0.1431
0.3725 0.1899 0.0996 0.3380
0.3243 0.1885 0.1683 0.3189
0.3280 0.1929 0.1639 0.3152

MOTIF filter1
letter-probability matrix: alength= 4 w= 7 nsites= 2942
0.0003 0.0003 0.0003 0.9990
0.8371 0.0003 0.0003 0.1623
0.3014 0.2658 0.0003 0.4325
0.7464 0.1236 0.1205 0.0095
0.3157 0.1840 0.1779 0.3225
0.3306 0.1877 0.1640 0.3177
0.2926 0.1965 0.1826 0.3282

MOTIF filter2
letter-probability matrix: alength= 4 w= 7 nsites= 35102
0.1283 0.4919 0.2801 0.0997
0.1266 0.3577 0.4075 0.1083
0.1365 0.2765 0.4828 0.1042
0.0857 0.3798 0.4893 0.0452
0.2184 0.2788 0.2919 0.2110
0.2028 0.2627 0.3354 0.1992
0.2060 0.2662 0.3249 0.2029

MOTIF filter3
letter-probability matrix: alength= 4 w= 7 nsites= 19411
0.4521 0.0001 0.0001 0.5478
0.0001 0.6075 0.0001 0.3924
0.9155 0.0001 0.0001 0.0844
0.6162 0.2791 0.0001 0.1046
0.3667 0.1984 0.1418 0.2931
0.3205 0.2036 0.1647 0.3113
0.3332 0.1948 0.1575 0.3144

MOTIF filter4
letter-probability matrix: alength= 4 w= 7 nsites= 50678
0.2401 0.1990 0.2434 0.3175
0.0185 0.0424 0.8899 0.0492
0.2443 0.0775 0.4343 0.2439
0.0006 0.0085 0.9900 0.0009
0.2566 0.2336 0.3039 0.2059
0.2348 0.2521 0.2757 0.2374
0.2354 0.2314 0.2826 0.2506

MOTIF filter5
letter-probability matrix: alength= 4 w= 7 nsites= 40721
0.2504 0.2578 0.2580 0.2338
0.3221 0.0805 0.2566 0.3408
0.0000 0.0000 0.9999 0.0000
0.2784 0.2600 0.2108 0.2508
0.2500 0.2218 0.2817 0.2466
0.2537 0.2127 0.2908 0.2428
0.2428 0.2300 0.2646 0.2627

MOTIF filter6
letter-probability matrix: alength= 4 w= 7 nsites= 15890
0.2819 0.1958 0.2963 0.2260
0.0113 0.3839 0.5635 0.0413
0.0001 0.7711 0.1528 0.0760
0.0488 0.8416 0.0445 0.0651
0.2408 0.3094 0.1443 0.3054
0.1914 0.3280 0.2806 0.2000
0.1911 0.3067 0.2981 0.2042

MOTIF filter7
letter-probability matrix: alength= 4 w= 7 nsites= 24040
0.3632 0.0480 0.1442 0.4446
0.0000 0.0000 0.9914 0.0085
0.3346 0.1425 0.0051 0.5178
0.1459 0.0730 0.5631 0.2181
0.2600 0.1934 0.2576 0.2891
0.2459 0.2319 0.2340 0.2881
0.2552 0.2166 0.2286 0.2995

MOTIF filter8
letter-probability matrix: alength= 4 w= 7 nsites= 14251
0.4136 0.0620 0.0001 0.5243
0.0699 0.4749 0.0001 0.4552
0.3662 0.3421 0.0001 0.2916
0.4495 0.4822 0.0001 0.0683
0.3303 0.2229 0.1220 0.3249
0.2954 0.2089 0.1699 0.3258
0.3140 0.2090 0.1651 0.3118

MOTIF filter9
letter-probability matrix: alength= 4 w= 7 nsites= 11427
0.0160 0.3545 0.0001 0.6294
0.0262 0.0001 0.0001 0.9737
0.7064 0.2050 0.0001 0.0885
0.3078 0.3480 0.0001 0.3441
0.3076 0.2023 0.1387 0.3514
0.2996 0.2069 0.1624 0.3311
0.2901 0.2154 0.1676 0.3269

MOTIF filter10
letter-probability matrix: alength= 4 w= 7 nsites= 34382
0.5406 0.0421 0.0133 0.4040
0.0665 0.0000 0.9219 0.0115
0.4183 0.1581 0.2016 0.2220
0.3166 0.1113 0.3683 0.2037
0.2812 0.1859 0.2961 0.2369
0.2684 0.2110 0.2470 0.2735
0.2704 0.2040 0.2618 0.2638

MOTIF filter11
letter-probability matrix: alength= 4 w= 7 nsites= 36294
0.2481 0.2619 0.2050 0.2850
0.3298 0.0624 0.2126 0.3951
0.0000 0.0000 0.9999 0.0000
0.3078 0.2433 0.1281 0.3208
0.2606 0.2097 0.2939 0.2357
0.2533 0.2066 0.2632 0.2769
0.2443 0.2323 0.2467 0.2767

