MEME version 4

ALPHABET= ACGU

Background letter frequencies:
A 0.2479 C 0.2257 G 0.2303 U 0.2961

MOTIF filter0
letter-probability matrix: alength= 4 w= 7 nsites= 49814
0.2973 0.1687 0.5340 0.0000
0.0214 0.6712 0.1859 0.1215
0.3863 0.3176 0.2853 0.0108
0.4101 0.3455 0.1809 0.0635
0.2516 0.2612 0.2212 0.2660
0.2254 0.2710 0.2642 0.2394
0.2473 0.2648 0.2443 0.2436

MOTIF filter1
letter-probability matrix: alength= 4 w= 7 nsites= 16947
0.0291 0.3797 0.5234 0.0678
0.1121 0.0929 0.7663 0.0286
0.1247 0.6391 0.1632 0.0730
0.1094 0.0286 0.7476 0.1144
0.1877 0.2651 0.3711 0.1760
0.1934 0.2546 0.3615 0.1905
0.2033 0.2710 0.3234 0.2023

MOTIF filter2
letter-probability matrix: alength= 4 w= 7 nsites= 83726
0.0393 0.2712 0.4321 0.2574
0.2162 0.2119 0.5718 0.0000
0.3549 0.2369 0.2108 0.1974
0.3697 0.1574 0.4676 0.0053
0.2527 0.2248 0.2963 0.2262
0.2497 0.2293 0.2778 0.2432
0.2438 0.2361 0.2810 0.2391

MOTIF filter3
letter-probability matrix: alength= 4 w= 7 nsites= 60030
0.2469 0.6333 0.1046 0.0151
0.1039 0.3659 0.0331 0.4970
0.3322 0.1900 0.4778 0.0000
0.1320 0.4779 0.1890 0.2010
0.2508 0.2604 0.2330 0.2558
0.2229 0.2576 0.2752 0.2443
0.2248 0.2649 0.2422 0.2681

MOTIF filter4
letter-probability matrix: alength= 4 w= 7 nsites= 2211
0.4804 0.0005 0.5187 0.0005
0.4673 0.0005 0.0005 0.5318
0.0005 0.0005 0.0005 0.9986
0.3810 0.0005 0.0005 0.6181
0.2641 0.3165 0.1558 0.2637
0.3707 0.2275 0.1512 0.2506
0.3111 0.1797 0.2849 0.2244

MOTIF filter5
letter-probability matrix: alength= 4 w= 7 nsites= 37198
0.4072 0.1180 0.0059 0.4689
0.2370 0.2239 0.5220 0.0170
0.1733 0.6658 0.1502 0.0106
0.3660 0.2701 0.3049 0.0589
0.2636 0.2542 0.2216 0.2605
0.2624 0.2486 0.2339 0.2551
0.2472 0.2602 0.2285 0.2641

MOTIF filter6
letter-probability matrix: alength= 4 w= 7 nsites= 13380
0.0001 0.0001 0.0001 0.9998
0.0001 0.0001 0.0001 0.9998
0.1382 0.0968 0.1271 0.6380
0.1893 0.0944 0.1143 0.6019
0.1979 0.0954 0.1260 0.5807
0.2123 0.0969 0.1317 0.5590
0.1997 0.1132 0.1480 0.5391

MOTIF filter7
letter-probability matrix: alength= 4 w= 7 nsites= 11365
0.0458 0.7582 0.1959 0.0001
0.2845 0.0001 0.2781 0.4372
0.0513 0.8143 0.0900 0.0444
0.3143 0.6598 0.0001 0.0259
0.2648 0.2803 0.1852 0.2698
0.2402 0.2167 0.2940 0.2490
0.1991 0.2723 0.3020 0.2266

MOTIF filter8
letter-probability matrix: alength= 4 w= 7 nsites= 84417
0.3029 0.3031 0.3940 0.0000
0.1940 0.1940 0.4904 0.1215
0.2368 0.3461 0.3921 0.0249
0.2743 0.3490 0.3697 0.0070
0.2548 0.2467 0.2537 0.2448
0.2210 0.2584 0.3047 0.2159
0.2245 0.2525 0.2898 0.2332

MOTIF filter9
letter-probability matrix: alength= 4 w= 7 nsites= 12513
0.0001 0.0001 0.0001 0.9998
0.0001 0.0001 0.0001 0.9998
0.1488 0.0550 0.1359 0.6603
0.1598 0.0757 0.1199 0.6446
0.1916 0.0885 0.1259 0.5940
0.2098 0.0896 0.1289 0.5717
0.1950 0.1095 0.1463 0.5492

MOTIF filter10
letter-probability matrix: alength= 4 w= 7 nsites= 13219
0.0001 0.0001 0.0001 0.9998
0.0001 0.0001 0.0001 0.9998
0.0001 0.0001 0.0001 0.9998
0.0001 0.0001 0.0001 0.9998
0.1414 0.0990 0.1303 0.6293
0.1730 0.0966 0.1166 0.6139
0.1939 0.0954 0.1271 0.5836

MOTIF filter11
letter-probability matrix: alength= 4 w= 7 nsites= 13295
0.0001 0.0001 0.0001 0.9998
0.0001 0.0001 0.0001 0.9998
0.0001 0.0001 0.0957 0.9041
0.1769 0.0468 0.0940 0.6823
0.1797 0.0852 0.1375 0.5976
0.2027 0.0885 0.1239 0.5849
0.2023 0.1026 0.1287 0.5665

