MEME version 4

ALPHABET= FTIHMS

Background letter frequencies:
F 0.0545 T 0.0546 I 0.1369 H 0.1380 M 0.1086 S 0.5075

MOTIF filter0
letter-probability matrix: alength= 6 w= 7 nsites= 20970
0.0652 0.0024 0.2410 0.0441 0.2160 0.4314
0.0000 0.0116 0.1548 0.0598 0.1413 0.6324
0.0000 0.0123 0.0996 0.0686 0.1150 0.7044
0.0000 0.0156 0.1117 0.0897 0.1016 0.6814
0.0000 0.0237 0.1400 0.1105 0.0989 0.6268
0.0000 0.0353 0.1522 0.1332 0.1057 0.5736
0.0000 0.0491 0.1497 0.1529 0.1151 0.5331

MOTIF filter1
letter-probability matrix: alength= 6 w= 7 nsites= 263431
0.0244 0.0234 0.0891 0.2081 0.1538 0.5013
0.0144 0.0304 0.0536 0.1899 0.1690 0.5427
0.0123 0.0340 0.0874 0.1741 0.1585 0.5337
0.0103 0.0385 0.1121 0.1671 0.1509 0.5210
0.0090 0.0438 0.1264 0.1562 0.1457 0.5189
0.0078 0.0503 0.1326 0.1481 0.1419 0.5193
0.0067 0.0588 0.1354 0.1406 0.1384 0.5202

MOTIF filter2
letter-probability matrix: alength= 6 w= 7 nsites= 49072
0.0000 0.0004 0.1757 0.0000 0.8239 0.0000
0.0000 0.0004 0.1757 0.0000 0.8239 0.0000
0.0000 0.0004 0.1206 0.0000 0.6899 0.1890
0.0000 0.0004 0.0850 0.0000 0.5802 0.3344
0.0000 0.0008 0.0726 0.0066 0.4905 0.4294
0.0000 0.0037 0.0752 0.0238 0.4175 0.4798
0.0000 0.0107 0.0833 0.0506 0.3594 0.4960

MOTIF filter3
letter-probability matrix: alength= 6 w= 7 nsites= 27933
0.9688 0.0072 0.0000 0.0000 0.0000 0.0239
0.9688 0.0311 0.0000 0.0000 0.0000 0.0000
0.8540 0.0311 0.0000 0.0000 0.0000 0.1147
0.7575 0.0311 0.0000 0.0000 0.0000 0.2113
0.6736 0.0311 0.0107 0.0007 0.0011 0.2828
0.6012 0.0311 0.0283 0.0031 0.0055 0.3308
0.5389 0.0311 0.0479 0.0078 0.0131 0.3612

MOTIF filter4
letter-probability matrix: alength= 6 w= 7 nsites= 15621
0.0001 0.2269 0.2675 0.0001 0.2181 0.2873
0.0001 0.2284 0.5454 0.0001 0.2260 0.0001
0.0001 0.2284 0.3123 0.0001 0.1779 0.2812
0.0001 0.2284 0.1862 0.0001 0.1428 0.4424
0.0001 0.2318 0.1510 0.0168 0.1196 0.4806
0.0001 0.2385 0.1381 0.0418 0.1062 0.4753
0.0001 0.2503 0.1348 0.0694 0.0978 0.4476

MOTIF filter5
letter-probability matrix: alength= 6 w= 7 nsites= 127955
0.0000 0.0000 0.0674 0.0734 0.0783 0.7808
0.0000 0.0096 0.1118 0.1367 0.1256 0.6163
0.0000 0.0193 0.1623 0.1787 0.1398 0.5000
0.0000 0.0276 0.1710 0.2060 0.1386 0.4569
0.0000 0.0353 0.1609 0.2106 0.1306 0.4626
0.0000 0.0437 0.1475 0.2058 0.1195 0.4835
0.0000 0.0537 0.1366 0.1991 0.1094 0.5012

MOTIF filter6
letter-probability matrix: alength= 6 w= 7 nsites= 1671
0.0006 0.0006 0.0006 0.0006 0.9970 0.0006
0.0006 0.0006 0.0006 0.0006 0.0286 0.9690
0.0006 0.0006 0.0006 0.0006 0.0239 0.9738
0.0006 0.0048 0.0704 0.0388 0.0221 0.8634
0.0006 0.0155 0.1169 0.1109 0.0274 0.7287
0.0006 0.0328 0.1473 0.1932 0.0376 0.5886
0.0006 0.0513 0.1521 0.2552 0.0364 0.5045

MOTIF filter7
letter-probability matrix: alength= 6 w= 7 nsites= 44457
0.0000 0.2408 0.0000 0.0000 0.7591 0.0000
0.0000 0.2408 0.0000 0.0000 0.7591 0.0000
0.0000 0.2408 0.0000 0.0000 0.6389 0.1202
0.0000 0.2408 0.0000 0.0000 0.5397 0.2195
0.0000 0.2411 0.0072 0.0047 0.4578 0.2890
0.0000 0.2430 0.0198 0.0168 0.3907 0.3296
0.0000 0.2478 0.0332 0.0367 0.3352 0.3471

MOTIF filter8
letter-probability matrix: alength= 6 w= 7 nsites= 32815
0.0000 0.0000 0.9473 0.0000 0.0000 0.0526
0.0000 0.0000 0.8000 0.0000 0.0000 0.1999
0.0000 0.0000 0.4949 0.0000 0.0000 0.5050
0.0000 0.0004 0.3355 0.0056 0.0010 0.6575
0.0000 0.0041 0.2729 0.0267 0.0073 0.6890
0.0000 0.0121 0.2498 0.0568 0.0182 0.6631
0.0000 0.0252 0.2296 0.0897 0.0314 0.6241

MOTIF filter9
letter-probability matrix: alength= 6 w= 7 nsites= 625053
0.0818 0.0138 0.1436 0.1108 0.0707 0.5792
0.0754 0.0192 0.1477 0.1411 0.0771 0.5394
0.0651 0.0242 0.1535 0.1541 0.0882 0.5148
0.0566 0.0300 0.1515 0.1617 0.0942 0.5060
0.0495 0.0365 0.1476 0.1639 0.0969 0.5057
0.0434 0.0441 0.1439 0.1616 0.0978 0.5092
0.0383 0.0530 0.1413 0.1587 0.0984 0.5104

MOTIF filter10
letter-probability matrix: alength= 6 w= 7 nsites= 841063
0.0561 0.0214 0.1459 0.1478 0.0952 0.5337
0.0507 0.0235 0.1347 0.1460 0.0962 0.5489
0.0439 0.0280 0.1430 0.1482 0.1013 0.5357
0.0382 0.0333 0.1473 0.1495 0.1051 0.5265
0.0335 0.0397 0.1477 0.1492 0.1075 0.5224
0.0295 0.0473 0.1464 0.1493 0.1086 0.5188
0.0260 0.0565 0.1450 0.1483 0.1093 0.5148

MOTIF filter11
letter-probability matrix: alength= 6 w= 7 nsites= 4548
0.0002 0.0002 0.0002 0.0002 0.0621 0.9370
0.0002 0.0002 0.0002 0.0002 0.0002 0.9989
0.0002 0.0064 0.1377 0.0582 0.0266 0.7710
0.0002 0.0173 0.1937 0.1157 0.0505 0.6225
0.0002 0.0327 0.1970 0.1675 0.0643 0.5382
0.0002 0.0446 0.1733 0.2036 0.0668 0.5116
0.0002 0.0531 0.1621 0.2196 0.0654 0.4996

