MEME version 4

ALPHABET= ACGU

Background letter frequencies:
A 0.2597 C 0.2268 G 0.2301 U 0.2834

MOTIF filter0
letter-probability matrix: alength= 4 w= 7 nsites= 3833
0.0003 0.9833 0.0031 0.0133
0.0881 0.3849 0.0016 0.5254
0.1433 0.6307 0.1686 0.0573
0.5476 0.0136 0.3834 0.0555
0.0873 0.2776 0.5739 0.0612
0.0680 0.6612 0.2054 0.0654
0.0811 0.2674 0.0057 0.6458

MOTIF filter1
letter-probability matrix: alength= 4 w= 7 nsites= 2416
0.0851 0.2826 0.5496 0.0826
0.8314 0.0678 0.0004 0.1004
0.2612 0.4839 0.0004 0.2545
0.3256 0.0343 0.0004 0.6397
0.6112 0.0607 0.0004 0.3277
0.3360 0.2909 0.0004 0.3727
0.0851 0.6702 0.0025 0.2421

MOTIF filter2
letter-probability matrix: alength= 4 w= 7 nsites= 967
0.9722 0.0010 0.0010 0.0257
0.0010 0.4181 0.0010 0.5798
0.0010 0.0402 0.8105 0.1483
0.0350 0.3131 0.5232 0.1287
0.0731 0.2853 0.2122 0.4295
0.1339 0.0546 0.7971 0.0144
0.1946 0.5572 0.2472 0.0010

MOTIF filter3
letter-probability matrix: alength= 4 w= 7 nsites= 11366
0.1889 0.2131 0.1505 0.4475
0.0549 0.4723 0.3615 0.1113
0.6895 0.0001 0.0019 0.3084
0.0011 0.0233 0.9752 0.0004
0.4558 0.0160 0.3620 0.1661
0.0224 0.1751 0.7611 0.0413
0.1666 0.2178 0.3009 0.3148

MOTIF filter4
letter-probability matrix: alength= 4 w= 7 nsites= 6942
0.0255 0.5312 0.4105 0.0328
0.1454 0.6263 0.1807 0.0477
0.0114 0.6569 0.3316 0.0001
0.3005 0.4495 0.0705 0.1795
0.0321 0.3354 0.6307 0.0017
0.0354 0.4479 0.4944 0.0223
0.0775 0.7116 0.1552 0.0557

MOTIF filter5
letter-probability matrix: alength= 4 w= 7 nsites= 4567
0.1790 0.1680 0.0144 0.6386
0.0910 0.0416 0.6869 0.1805
0.0035 0.1490 0.7071 0.1405
0.0381 0.0672 0.4682 0.4266
0.5563 0.0033 0.4402 0.0002
0.1348 0.8648 0.0002 0.0002
0.1730 0.0652 0.0129 0.7489

MOTIF filter6
letter-probability matrix: alength= 4 w= 7 nsites= 1339
0.1117 0.6106 0.0060 0.2718
0.0112 0.3619 0.1422 0.4847
0.0216 0.0864 0.1273 0.7647
0.2807 0.2524 0.2733 0.1936
0.0357 0.1407 0.0484 0.7751
0.7081 0.0007 0.2859 0.0052
0.0082 0.9360 0.0007 0.0551

MOTIF filter7
letter-probability matrix: alength= 4 w= 7 nsites= 11468
0.6422 0.0044 0.0300 0.3235
0.3697 0.0181 0.5631 0.0491
0.3778 0.0001 0.5873 0.0349
0.2119 0.1315 0.4075 0.2490
0.8042 0.0157 0.0359 0.1442
0.3610 0.0200 0.4268 0.1922
0.3313 0.0203 0.6369 0.0114

MOTIF filter8
letter-probability matrix: alength= 4 w= 7 nsites= 5967
0.0018 0.0002 0.9978 0.0002
0.1335 0.2529 0.4763 0.1373
0.0340 0.5842 0.0239 0.3579
0.2139 0.0338 0.1462 0.6061
0.1311 0.2253 0.5567 0.0869
0.3033 0.1355 0.5597 0.0015
0.4658 0.1017 0.3132 0.1194

MOTIF filter9
letter-probability matrix: alength= 4 w= 7 nsites= 6351
0.0677 0.2173 0.7072 0.0079
0.2941 0.0505 0.1997 0.4557
0.0151 0.6058 0.1581 0.2209
0.1923 0.5331 0.2145 0.0601
0.1860 0.3896 0.1630 0.2614
0.3618 0.0566 0.5160 0.0656
0.1182 0.1797 0.6971 0.0050

MOTIF filter10
letter-probability matrix: alength= 4 w= 7 nsites= 791
0.4931 0.0516 0.3283 0.1270
0.2063 0.2063 0.1522 0.4352
0.0013 0.9698 0.0164 0.0126
0.0352 0.0013 0.9585 0.0050
0.6075 0.0289 0.2943 0.0692
0.0742 0.6679 0.0465 0.2113
0.3132 0.0629 0.5358 0.0881

MOTIF filter11
letter-probability matrix: alength= 4 w= 7 nsites= 718827
0.2490 0.2581 0.2311 0.2618
0.1673 0.2557 0.2441 0.3330
0.2221 0.2470 0.2280 0.3029
0.2719 0.2255 0.2102 0.2924
0.2549 0.2148 0.1935 0.3367
0.2539 0.2231 0.2329 0.2901
0.2790 0.2456 0.2006 0.2748

MOTIF filter12
letter-probability matrix: alength= 4 w= 7 nsites= 16463
0.0932 0.1092 0.7585 0.0390
0.1838 0.4681 0.2462 0.1019
0.2062 0.1526 0.1584 0.4827
0.0001 0.0214 0.9721 0.0065
0.0842 0.2959 0.0375 0.5823
0.1582 0.0802 0.4862 0.2754
0.0124 0.0896 0.6806 0.2173

MOTIF filter13
letter-probability matrix: alength= 4 w= 7 nsites= 9491
0.0572 0.0001 0.5044 0.4383
0.3826 0.0077 0.0035 0.6062
0.6598 0.0040 0.0550 0.2812
0.1981 0.0002 0.5439 0.2578
0.6602 0.0009 0.0034 0.3354
0.1874 0.0080 0.4227 0.3819
0.2298 0.0120 0.0972 0.6610

MOTIF filter14
letter-probability matrix: alength= 4 w= 7 nsites= 21984
0.1750 0.0100 0.0686 0.7465
0.0086 0.0854 0.3552 0.5509
0.0399 0.4239 0.1269 0.4093
0.0000 0.3353 0.0143 0.6504
0.0070 0.3942 0.0263 0.5725
0.0640 0.3179 0.0034 0.6147
0.0661 0.2893 0.1482 0.4964

MOTIF filter15
letter-probability matrix: alength= 4 w= 7 nsites= 13282
0.4975 0.1598 0.0001 0.3426
0.5716 0.2808 0.0001 0.1475
0.5908 0.1388 0.0002 0.2702
0.7374 0.0084 0.0001 0.2542
0.4233 0.1706 0.0001 0.4061
0.9296 0.0085 0.0100 0.0519
0.4990 0.1724 0.0001 0.3285

