MEME version 4

ALPHABET= ACGU

Background letter frequencies:
A 0.2466 C 0.2186 G 0.2435 U 0.2913

MOTIF filter0
letter-probability matrix: alength= 4 w= 7 nsites= 41280
0.1876 0.6887 0.0532 0.0706
0.1483 0.5231 0.1972 0.1314
0.6089 0.3442 0.0469 0.0000
0.1642 0.2627 0.3880 0.1851
0.2246 0.2774 0.2744 0.2236
0.2292 0.2845 0.2442 0.2421
0.2220 0.2830 0.2419 0.2531

MOTIF filter1
letter-probability matrix: alength= 4 w= 7 nsites= 26748
0.2131 0.4706 0.2291 0.0872
0.7070 0.0230 0.2673 0.0027
0.2412 0.0032 0.7556 0.0000
0.1108 0.2117 0.6775 0.0000
0.2740 0.2709 0.2419 0.2131
0.2347 0.2438 0.2804 0.2411
0.2253 0.2664 0.2854 0.2229

MOTIF filter2
letter-probability matrix: alength= 4 w= 7 nsites= 33173
0.8064 0.0931 0.0505 0.0500
0.3518 0.0632 0.3864 0.1985
0.3958 0.2626 0.2428 0.0987
0.6076 0.1959 0.1235 0.0729
0.3274 0.2092 0.2077 0.2557
0.3266 0.2017 0.2125 0.2592
0.3136 0.1972 0.2130 0.2762

MOTIF filter3
letter-probability matrix: alength= 4 w= 7 nsites= 13883
0.1709 0.0925 0.0176 0.7189
0.2396 0.0433 0.6796 0.0375
0.0001 0.0104 0.0001 0.9895
0.0001 0.0001 0.9998 0.0001
0.1216 0.1208 0.1122 0.6455
0.1945 0.0935 0.5813 0.1307
0.1044 0.1246 0.1163 0.6547

MOTIF filter4
letter-probability matrix: alength= 4 w= 7 nsites= 13132
0.2304 0.0474 0.7221 0.0001
0.0001 0.0239 0.0001 0.9759
0.0001 0.0001 0.9998 0.0001
0.1464 0.0876 0.0545 0.7115
0.1748 0.0914 0.6114 0.1224
0.1030 0.1255 0.1043 0.6672
0.1604 0.1003 0.5849 0.1544

MOTIF filter5
letter-probability matrix: alength= 4 w= 7 nsites= 18487
0.0237 0.6513 0.2971 0.0279
0.1061 0.5283 0.0713 0.2943
0.6311 0.2910 0.0505 0.0274
0.2264 0.1890 0.5150 0.0695
0.2334 0.2291 0.3372 0.2003
0.2339 0.2354 0.3110 0.2198
0.2204 0.2384 0.2872 0.2541

MOTIF filter6
letter-probability matrix: alength= 4 w= 7 nsites= 17420
0.0001 0.0001 0.9998 0.0001
0.1736 0.0632 0.0062 0.7571
0.2452 0.0588 0.6015 0.0945
0.0297 0.0122 0.0073 0.9507
0.1391 0.1000 0.5991 0.1618
0.1346 0.1363 0.1057 0.6234
0.2055 0.1075 0.4978 0.1892

MOTIF filter7
letter-probability matrix: alength= 4 w= 7 nsites= 23730
0.1714 0.0000 0.0000 0.8285
0.0258 0.1532 0.0258 0.7952
0.1377 0.0884 0.0843 0.6896
0.1381 0.2117 0.0000 0.6501
0.2361 0.1727 0.1471 0.4441
0.2307 0.1719 0.1543 0.4432
0.2430 0.1706 0.1605 0.4258

MOTIF filter8
letter-probability matrix: alength= 4 w= 7 nsites= 40182
0.4958 0.2431 0.0000 0.2610
0.6069 0.1730 0.0068 0.2133
0.2313 0.0548 0.0150 0.6989
0.1931 0.2555 0.0404 0.5109
0.2562 0.2146 0.1630 0.3662
0.2660 0.2100 0.1743 0.3497
0.2708 0.2047 0.1800 0.3445

MOTIF filter9
letter-probability matrix: alength= 4 w= 7 nsites= 54862
0.2247 0.3263 0.4490 0.0000
0.1215 0.4366 0.4290 0.0128
0.3936 0.4920 0.0789 0.0354
0.3973 0.3535 0.1979 0.0513
0.2427 0.2663 0.2578 0.2332
0.2176 0.2829 0.2714 0.2281
0.2191 0.2814 0.2599 0.2395

MOTIF filter10
letter-probability matrix: alength= 4 w= 7 nsites= 41785
0.2453 0.2346 0.2255 0.2946
0.4982 0.2573 0.1894 0.0550
0.1576 0.4480 0.0624 0.3320
0.7922 0.1835 0.0000 0.0242
0.3015 0.2017 0.2207 0.2761
0.3163 0.1876 0.2297 0.2663
0.2871 0.2193 0.2172 0.2764

MOTIF filter11
letter-probability matrix: alength= 4 w= 7 nsites= 34266
0.1381 0.7446 0.1018 0.0156
0.1049 0.7505 0.0643 0.0804
0.2493 0.5945 0.0563 0.0999
0.2159 0.5634 0.1374 0.0833
0.2294 0.3139 0.2250 0.2317
0.1992 0.3137 0.2728 0.2142
0.2046 0.3171 0.2582 0.2202

