MEME version 4

ALPHABET= ACGU

Background letter frequencies:
A 0.2526 C 0.2267 G 0.2259 U 0.2948

MOTIF filter0
letter-probability matrix: alength= 4 w= 7 nsites= 5741
0.0729 0.5976 0.0002 0.3293
0.0002 0.3984 0.0395 0.5619
0.0002 0.2795 0.0002 0.7201
0.0002 0.7358 0.0002 0.2639
0.2348 0.2653 0.0764 0.4235
0.2050 0.2473 0.1756 0.3720
0.2225 0.2374 0.1744 0.3657

MOTIF filter1
letter-probability matrix: alength= 4 w= 7 nsites= 44205
0.3978 0.0361 0.5175 0.0486
0.5865 0.0326 0.3694 0.0115
0.6543 0.1014 0.0442 0.2000
0.4456 0.1574 0.3842 0.0127
0.3239 0.1870 0.2641 0.2250
0.3104 0.2015 0.2481 0.2400
0.3035 0.1932 0.2669 0.2364

MOTIF filter2
letter-probability matrix: alength= 4 w= 7 nsites= 21004
0.6610 0.1890 0.0135 0.1366
0.5142 0.1741 0.1828 0.1289
0.2863 0.0581 0.6117 0.0438
0.5556 0.1670 0.0000 0.2774
0.2825 0.1913 0.2723 0.2539
0.2855 0.1939 0.2799 0.2407
0.2785 0.2177 0.2321 0.2717

MOTIF filter3
letter-probability matrix: alength= 4 w= 7 nsites= 21088
0.0424 0.1712 0.0000 0.7863
0.6235 0.0057 0.3708 0.0000
0.6216 0.0225 0.0000 0.3558
0.2313 0.1294 0.4114 0.2278
0.2945 0.1905 0.1918 0.3232
0.3141 0.1881 0.1860 0.3118
0.2940 0.1903 0.1883 0.3274

MOTIF filter4
letter-probability matrix: alength= 4 w= 7 nsites= 50359
0.1845 0.0379 0.7606 0.0170
0.2409 0.2146 0.4611 0.0834
0.2136 0.2942 0.4312 0.0610
0.2695 0.2697 0.3958 0.0650
0.2401 0.2483 0.3007 0.2109
0.2278 0.2344 0.3273 0.2105
0.2219 0.2338 0.3406 0.2036

MOTIF filter5
letter-probability matrix: alength= 4 w= 7 nsites= 4453
0.0002 0.0002 0.0002 0.9993
0.0303 0.5721 0.0832 0.3143
0.0002 0.9612 0.0002 0.0384
0.6233 0.2255 0.0002 0.1510
0.2082 0.2228 0.2502 0.3188
0.2538 0.2351 0.2046 0.3065
0.2259 0.2369 0.1858 0.3514

MOTIF filter6
letter-probability matrix: alength= 4 w= 7 nsites= 38050
0.0551 0.1861 0.6201 0.1388
0.4115 0.1376 0.4048 0.0461
0.0793 0.2494 0.5834 0.0879
0.2816 0.2909 0.3773 0.0502
0.2399 0.2480 0.3040 0.2080
0.2202 0.2416 0.3154 0.2228
0.2119 0.2537 0.3265 0.2079

MOTIF filter7
letter-probability matrix: alength= 4 w= 7 nsites= 59287
0.2760 0.2617 0.1006 0.3617
0.1571 0.2908 0.1475 0.4046
0.1098 0.3608 0.0788 0.4507
0.2247 0.2561 0.1321 0.3871
0.2351 0.2369 0.2071 0.3209
0.2469 0.2284 0.2117 0.3130
0.2541 0.2236 0.2112 0.3111

MOTIF filter8
letter-probability matrix: alength= 4 w= 7 nsites= 28523
0.2207 0.3225 0.2864 0.1703
0.0000 0.3816 0.4168 0.2016
0.3740 0.0895 0.4199 0.1166
0.0073 0.2005 0.7776 0.0145
0.2456 0.2338 0.3207 0.1999
0.2102 0.2455 0.3403 0.2041
0.2173 0.2378 0.3131 0.2317

MOTIF filter9
letter-probability matrix: alength= 4 w= 7 nsites= 12179
0.1095 0.1205 0.0488 0.7212
0.0907 0.0548 0.0495 0.8050
0.0001 0.0468 0.0383 0.9149
0.0375 0.1049 0.0001 0.8575
0.1737 0.1780 0.1248 0.5236
0.1985 0.1665 0.1216 0.5134
0.2152 0.1660 0.1360 0.4828

MOTIF filter10
letter-probability matrix: alength= 4 w= 7 nsites= 13651
0.0001 0.2951 0.0001 0.7047
0.0001 0.2223 0.0001 0.7775
0.0001 0.0267 0.0001 0.9731
0.0823 0.3292 0.0001 0.5884
0.1799 0.2297 0.1047 0.4857
0.1922 0.2077 0.1391 0.4610
0.2136 0.1984 0.1431 0.4449

MOTIF filter11
letter-probability matrix: alength= 4 w= 7 nsites= 42926
0.1071 0.4348 0.4580 0.0000
0.2742 0.3089 0.4088 0.0081
0.3221 0.2048 0.3232 0.1500
0.1240 0.6587 0.1962 0.0211
0.2568 0.2902 0.2012 0.2518
0.2084 0.2573 0.2996 0.2347
0.2034 0.2872 0.3010 0.2084

