MEME version 4

ALPHABET= ACGU

Background letter frequencies:
A 0.2543 C 0.2237 G 0.2240 U 0.2980

MOTIF filter0
letter-probability matrix: alength= 4 w= 7 nsites= 10108
0.1476 0.0192 0.0259 0.8073
0.1389 0.1546 0.0001 0.7064
0.0749 0.0761 0.0555 0.7935
0.0654 0.0372 0.0241 0.8733
0.1074 0.1111 0.0145 0.7670
0.1000 0.0880 0.0001 0.8119
0.1794 0.1430 0.0022 0.6754

MOTIF filter1
letter-probability matrix: alength= 4 w= 7 nsites= 14620
0.4847 0.0568 0.3054 0.1532
0.1057 0.2670 0.6260 0.0014
0.6722 0.0392 0.1645 0.1241
0.0462 0.1430 0.7527 0.0581
0.5125 0.1072 0.3383 0.0420
0.1607 0.2047 0.5899 0.0447
0.4493 0.1666 0.2699 0.1143

MOTIF filter2
letter-probability matrix: alength= 4 w= 7 nsites= 19951
0.4089 0.2956 0.2308 0.0646
0.3194 0.3198 0.3296 0.0312
0.8957 0.0954 0.0066 0.0023
0.5665 0.1115 0.2114 0.1106
0.4376 0.3516 0.1482 0.0626
0.4831 0.4691 0.0366 0.0112
0.7971 0.1159 0.0321 0.0549

MOTIF filter3
letter-probability matrix: alength= 4 w= 7 nsites= 7154
0.1330 0.3965 0.0098 0.4607
0.3122 0.0448 0.1281 0.5148
0.2589 0.1389 0.1259 0.4764
0.0645 0.2178 0.0001 0.7175
0.0203 0.0521 0.0370 0.8906
0.0207 0.0792 0.0082 0.8919
0.0608 0.1640 0.0001 0.7751

MOTIF filter4
letter-probability matrix: alength= 4 w= 7 nsites= 6315
0.1814 0.1014 0.5683 0.1489
0.1647 0.3065 0.1866 0.3421
0.1575 0.0549 0.7234 0.0643
0.0880 0.0861 0.8235 0.0024
0.3912 0.0722 0.0002 0.5365
0.0907 0.1549 0.7069 0.0475
0.2027 0.0191 0.7172 0.0609

MOTIF filter5
letter-probability matrix: alength= 4 w= 7 nsites= 11218
0.0642 0.0511 0.7885 0.0962
0.3420 0.0201 0.6217 0.0161
0.0547 0.1437 0.7361 0.0654
0.4010 0.0340 0.3079 0.2572
0.1395 0.1911 0.6445 0.0248
0.4570 0.0020 0.4572 0.0839
0.0657 0.1398 0.7496 0.0449

MOTIF filter6
letter-probability matrix: alength= 4 w= 7 nsites= 6280
0.2101 0.3250 0.0161 0.4489
0.0551 0.0883 0.0479 0.8087
0.0205 0.0040 0.0312 0.9443
0.0016 0.0040 0.0032 0.9912
0.0013 0.0067 0.0011 0.9909
0.1241 0.0048 0.0018 0.8694
0.2882 0.0850 0.0016 0.6252

MOTIF filter7
letter-probability matrix: alength= 4 w= 7 nsites= 29701
0.0777 0.1730 0.7490 0.0003
0.2824 0.2173 0.4353 0.0649
0.2779 0.2098 0.4189 0.0934
0.1575 0.1818 0.6517 0.0091
0.3966 0.2439 0.2773 0.0822
0.1931 0.3008 0.4554 0.0507
0.4148 0.1353 0.4141 0.0358

MOTIF filter8
letter-probability matrix: alength= 4 w= 7 nsites= 1050
0.3140 0.2011 0.0702 0.4146
0.7903 0.1262 0.0617 0.0218
0.2837 0.1347 0.5522 0.0294
0.0009 0.0009 0.9972 0.0009
0.0009 0.0009 0.0009 0.9972
0.8387 0.0009 0.1452 0.0152
0.7770 0.0446 0.0332 0.1452

MOTIF filter9
letter-probability matrix: alength= 4 w= 7 nsites= 14933
0.1943 0.1905 0.0271 0.5881
0.5261 0.3911 0.0598 0.0230
0.7999 0.0550 0.0440 0.1012
0.7129 0.1524 0.1082 0.0265
0.6019 0.0314 0.1426 0.2241
0.5990 0.1293 0.2253 0.0464
0.7004 0.1030 0.1521 0.0445

MOTIF filter10
letter-probability matrix: alength= 4 w= 7 nsites= 23470
0.0430 0.1849 0.7720 0.0001
0.4957 0.0889 0.2830 0.1324
0.3690 0.1105 0.4169 0.1036
0.1062 0.1491 0.6531 0.0915
0.4908 0.1058 0.3876 0.0158
0.2660 0.0910 0.3679 0.2751
0.2177 0.0985 0.6344 0.0495

MOTIF filter11
letter-probability matrix: alength= 4 w= 7 nsites= 8930
0.0082 0.0004 0.0001 0.9913
0.2323 0.0001 0.0012 0.7664
0.0290 0.0001 0.0001 0.9708
0.0926 0.0022 0.2418 0.6634
0.0859 0.0687 0.0259 0.8196
0.2503 0.0001 0.0141 0.7355
0.2316 0.1434 0.0372 0.5879

MOTIF filter12
letter-probability matrix: alength= 4 w= 7 nsites= 13182
0.1863 0.0722 0.0011 0.7405
0.0560 0.1109 0.0956 0.7375
0.0566 0.0921 0.0001 0.8513
0.0001 0.0001 0.0001 0.9998
0.0016 0.0001 0.0246 0.9737
0.2236 0.0170 0.0001 0.7593
0.2760 0.1099 0.0001 0.6141

MOTIF filter13
letter-probability matrix: alength= 4 w= 7 nsites= 20219
0.0266 0.5755 0.3799 0.0180
0.1453 0.0852 0.2430 0.5265
0.0000 0.8033 0.1764 0.0202
0.1473 0.6787 0.1103 0.0636
0.0738 0.6211 0.2065 0.0986
0.2801 0.2758 0.2219 0.2221
0.0521 0.4467 0.4858 0.0155

MOTIF filter14
letter-probability matrix: alength= 4 w= 7 nsites= 29731
0.2423 0.1891 0.2859 0.2826
0.0401 0.4096 0.5459 0.0044
0.4188 0.2684 0.1726 0.1401
0.0803 0.1808 0.6715 0.0673
0.1149 0.3914 0.4836 0.0100
0.2711 0.2726 0.4289 0.0273
0.3760 0.1984 0.3625 0.0631

MOTIF filter15
letter-probability matrix: alength= 4 w= 7 nsites= 9862
0.2267 0.0317 0.0543 0.6872
0.0474 0.1831 0.0266 0.7430
0.1656 0.0493 0.0245 0.7606
0.0641 0.0547 0.0001 0.8811
0.0012 0.0150 0.0001 0.9837
0.0803 0.0001 0.0001 0.9195
0.0502 0.2002 0.0001 0.7495

