MEME version 4

ALPHABET= ACGU

Background letter frequencies:
A 0.2559 C 0.2315 G 0.2512 U 0.2614

MOTIF filter0
letter-probability matrix: alength= 4 w= 7 nsites= 30078
0.5437 0.0909 0.0898 0.2756
0.4446 0.0388 0.0410 0.4756
0.3760 0.0909 0.0894 0.4438
0.4613 0.1768 0.0263 0.3357
0.3304 0.1736 0.1684 0.3276
0.3497 0.1615 0.1744 0.3144
0.3354 0.1714 0.1841 0.3091

MOTIF filter1
letter-probability matrix: alength= 4 w= 7 nsites= 3683
0.0222 0.0003 0.9772 0.0003
0.8400 0.0003 0.1595 0.0003
0.4188 0.1874 0.1421 0.2517
0.1223 0.3032 0.4665 0.1079
0.3599 0.1899 0.2178 0.2324
0.3000 0.1814 0.2712 0.2474
0.2438 0.1999 0.3613 0.1950

MOTIF filter2
letter-probability matrix: alength= 4 w= 7 nsites= 12626
0.7955 0.0749 0.0001 0.1295
0.0001 0.0001 0.9998 0.0001
0.3861 0.1819 0.1260 0.3060
0.3325 0.1446 0.2762 0.2467
0.2823 0.1926 0.3219 0.2033
0.3124 0.1966 0.2433 0.2477
0.2905 0.1869 0.2716 0.2511

MOTIF filter3
letter-probability matrix: alength= 4 w= 7 nsites= 12559
0.9998 0.0001 0.0001 0.0001
0.3471 0.0333 0.4129 0.2068
0.0919 0.2063 0.1805 0.5213
0.1139 0.3394 0.0139 0.5328
0.2636 0.2122 0.1789 0.3453
0.2547 0.2151 0.1975 0.3327
0.2794 0.1804 0.2102 0.3300

MOTIF filter4
letter-probability matrix: alength= 4 w= 7 nsites= 42400
0.2175 0.4560 0.0064 0.3200
0.4568 0.0255 0.0029 0.5148
0.1628 0.3656 0.0258 0.4458
0.3548 0.1041 0.0563 0.4847
0.2463 0.1978 0.2055 0.3504
0.2676 0.1993 0.1766 0.3565
0.2701 0.1987 0.1825 0.3487

MOTIF filter5
letter-probability matrix: alength= 4 w= 7 nsites= 4101
0.4290 0.0002 0.3898 0.1810
0.2417 0.6826 0.0002 0.0755
0.0002 0.1074 0.4989 0.3934
0.0151 0.0002 0.8558 0.1289
0.2555 0.2278 0.3384 0.1783
0.2799 0.2149 0.2816 0.2236
0.2363 0.2251 0.3337 0.2049

MOTIF filter6
letter-probability matrix: alength= 4 w= 7 nsites= 14541
0.0001 0.0325 0.9674 0.0001
0.3694 0.1079 0.5227 0.0001
0.8024 0.0402 0.0001 0.1573
0.1442 0.0611 0.7064 0.0883
0.2809 0.2172 0.3203 0.1816
0.2980 0.2123 0.2606 0.2291
0.2292 0.2323 0.3382 0.2003

MOTIF filter7
letter-probability matrix: alength= 4 w= 7 nsites= 1778
0.4125 0.1970 0.0561 0.3345
0.0359 0.8322 0.1077 0.0241
0.0213 0.0006 0.9776 0.0006
0.7722 0.0006 0.2093 0.0180
0.2200 0.2295 0.4024 0.1481
0.2290 0.2402 0.3563 0.1745
0.2761 0.2486 0.2503 0.2250

MOTIF filter8
letter-probability matrix: alength= 4 w= 7 nsites= 9172
0.3691 0.1045 0.0001 0.5263
0.0001 0.0762 0.9236 0.0001
0.0951 0.0001 0.9046 0.0001
0.9898 0.0100 0.0001 0.0001
0.2927 0.1623 0.3699 0.1751
0.2889 0.1953 0.3226 0.1932
0.3081 0.2165 0.2179 0.2575

MOTIF filter9
letter-probability matrix: alength= 4 w= 7 nsites= 46253
0.2273 0.2240 0.0000 0.5487
0.5529 0.0000 0.0000 0.4471
0.3229 0.1505 0.1039 0.4227
0.3204 0.1613 0.0929 0.4253
0.2853 0.1744 0.1720 0.3683
0.2956 0.1686 0.1735 0.3622
0.2951 0.1730 0.1730 0.3589

MOTIF filter10
letter-probability matrix: alength= 4 w= 7 nsites= 11584
0.5791 0.0001 0.4207 0.0001
0.9359 0.0263 0.0001 0.0377
0.1639 0.2181 0.5116 0.1065
0.4540 0.2350 0.3109 0.0001
0.3260 0.2122 0.2190 0.2428
0.2641 0.2027 0.3173 0.2159
0.2942 0.2032 0.2904 0.2122

MOTIF filter11
letter-probability matrix: alength= 4 w= 7 nsites= 7948
0.0001 0.1734 0.7448 0.0816
0.2741 0.0337 0.3105 0.3817
0.0001 0.0995 0.6154 0.2850
0.3187 0.0290 0.4809 0.1714
0.2348 0.2340 0.3382 0.1930
0.2343 0.2089 0.3623 0.1945
0.2174 0.2262 0.3288 0.2275

