MEME version 4

ALPHABET= FTIHMS

Background letter frequencies:
F 0.0491 T 0.0536 I 0.1363 H 0.1396 M 0.1110 S 0.5104

MOTIF filter0
letter-probability matrix: alength= 6 w= 7 nsites= 46176
0.7157 0.0000 0.0057 0.0137 0.0003 0.2646
0.6211 0.0000 0.0025 0.0051 0.0000 0.3713
0.5435 0.0000 0.0393 0.0164 0.0023 0.3985
0.4779 0.0000 0.0863 0.0265 0.0064 0.4030
0.4123 0.0000 0.0846 0.0363 0.0105 0.4563
0.3567 0.0000 0.0977 0.0468 0.0281 0.4707
0.3106 0.0001 0.1114 0.0562 0.0444 0.4774

MOTIF filter1
letter-probability matrix: alength= 6 w= 7 nsites= 128416
0.0985 0.0000 0.0198 0.1457 0.3565 0.3795
0.0532 0.0000 0.0068 0.0491 0.2953 0.5956
0.0200 0.0001 0.0066 0.0000 0.2442 0.7291
0.0000 0.0010 0.0330 0.0002 0.1971 0.7688
0.0000 0.0071 0.0888 0.0090 0.1769 0.7183
0.0000 0.0159 0.1451 0.0403 0.1931 0.6055
0.0000 0.0256 0.1623 0.0704 0.1979 0.5437

MOTIF filter2
letter-probability matrix: alength= 6 w= 7 nsites= 352066
0.0030 0.0108 0.1486 0.2103 0.1620 0.4652
0.0028 0.0115 0.1281 0.2016 0.1601 0.4960
0.0025 0.0123 0.0692 0.1797 0.1460 0.5903
0.0000 0.0157 0.0616 0.1671 0.1671 0.5885
0.0000 0.0229 0.0981 0.1659 0.1579 0.5553
0.0000 0.0311 0.1208 0.1595 0.1559 0.5326
0.0000 0.0406 0.1306 0.1572 0.1526 0.5190

MOTIF filter3
letter-probability matrix: alength= 6 w= 7 nsites= 64630
0.4933 0.0000 0.2621 0.0000 0.0000 0.2446
0.4295 0.0000 0.3852 0.0000 0.0000 0.1853
0.3500 0.0000 0.1119 0.0000 0.0000 0.5381
0.2943 0.0000 0.0546 0.0005 0.0000 0.6506
0.2546 0.0003 0.0397 0.0141 0.0053 0.6860
0.2217 0.0056 0.1110 0.0354 0.0401 0.5863
0.1939 0.0119 0.1433 0.0546 0.0694 0.5270

MOTIF filter4
letter-probability matrix: alength= 6 w= 7 nsites= 95956
0.0000 0.0000 0.0229 0.1022 0.0016 0.8733
0.0000 0.0000 0.0000 0.2729 0.0027 0.7243
0.0000 0.0000 0.0135 0.3994 0.0000 0.5871
0.0000 0.0000 0.1087 0.5343 0.0000 0.3569
0.0000 0.0104 0.0280 0.5906 0.0010 0.3699
0.0000 0.0184 0.0593 0.5418 0.0119 0.3685
0.0000 0.0276 0.0789 0.4737 0.0221 0.3977

MOTIF filter5
letter-probability matrix: alength= 6 w= 7 nsites= 88659
0.4700 0.0000 0.0501 0.0000 0.4748 0.0051
0.4373 0.0000 0.0501 0.0043 0.4594 0.0489
0.3882 0.0000 0.0473 0.0047 0.3836 0.1763
0.3390 0.0000 0.0302 0.0076 0.3216 0.3016
0.2899 0.0002 0.0529 0.0170 0.2731 0.3670
0.2493 0.0014 0.0582 0.0250 0.2344 0.4317
0.2151 0.0045 0.0696 0.0402 0.2056 0.4650

MOTIF filter6
letter-probability matrix: alength= 6 w= 7 nsites= 49427
0.0000 0.2588 0.2878 0.0000 0.0075 0.4458
0.0000 0.2678 0.1799 0.0000 0.0116 0.5406
0.0000 0.2805 0.0822 0.0000 0.0004 0.6370
0.0000 0.2964 0.0566 0.0095 0.0038 0.6337
0.0000 0.3152 0.0559 0.0301 0.0127 0.5861
0.0000 0.3289 0.1098 0.0674 0.0350 0.4588
0.0000 0.3434 0.1283 0.0971 0.0495 0.3816

MOTIF filter7
letter-probability matrix: alength= 6 w= 7 nsites= 24816
0.0000 0.0000 0.1913 0.0000 0.8086 0.0000
0.0000 0.0000 0.1913 0.0000 0.8086 0.0000
0.0000 0.0000 0.1913 0.0000 0.8086 0.0000
0.0000 0.0000 0.1913 0.0000 0.8086 0.0000
0.0000 0.0000 0.1469 0.0000 0.8086 0.0444
0.0000 0.0000 0.1024 0.0000 0.6812 0.2163
0.0000 0.0001 0.0757 0.0010 0.5763 0.3468

MOTIF filter8
letter-probability matrix: alength= 6 w= 7 nsites= 140680
0.0000 0.0000 0.0759 0.3748 0.0001 0.5491
0.0000 0.0000 0.1792 0.5215 0.0029 0.2965
0.0000 0.0000 0.0222 0.4606 0.0015 0.5157
0.0000 0.0000 0.0042 0.4249 0.0000 0.5708
0.0000 0.0001 0.0506 0.4363 0.0067 0.5063
0.0000 0.0096 0.0999 0.3634 0.0344 0.4927
0.0000 0.0199 0.1258 0.3023 0.0548 0.4972

MOTIF filter9
letter-probability matrix: alength= 6 w= 7 nsites= 64023
0.0009 0.0582 0.1034 0.2650 0.0572 0.5153
0.0000 0.0630 0.1111 0.2913 0.0625 0.4720
0.0000 0.0658 0.0995 0.3341 0.0759 0.4247
0.0000 0.0745 0.0581 0.2204 0.0392 0.6078
0.0000 0.0862 0.0862 0.2296 0.0421 0.5558
0.0000 0.0944 0.1233 0.2146 0.0584 0.5092
0.0000 0.1044 0.1319 0.1948 0.0684 0.5005

MOTIF filter10
letter-probability matrix: alength= 6 w= 7 nsites= 18478
0.9899 0.0001 0.0016 0.0001 0.0011 0.0072
0.9874 0.0001 0.0015 0.0001 0.0023 0.0087
0.9874 0.0001 0.0047 0.0017 0.0035 0.0027
0.9874 0.0001 0.0047 0.0030 0.0048 0.0001
0.8904 0.0001 0.0047 0.0030 0.0048 0.0971
0.7751 0.0001 0.0023 0.0030 0.0039 0.2156
0.6781 0.0001 0.0105 0.0029 0.0041 0.3044

MOTIF filter11
letter-probability matrix: alength= 6 w= 7 nsites= 38804
0.0000 0.2632 0.0000 0.0000 0.7239 0.0128
0.0000 0.2637 0.0000 0.0000 0.7318 0.0045
0.0000 0.2641 0.0000 0.0000 0.7333 0.0026
0.0000 0.2644 0.0000 0.0000 0.7351 0.0004
0.0000 0.2644 0.0000 0.0000 0.6377 0.0978
0.0000 0.2644 0.0000 0.0000 0.5357 0.1998
0.0000 0.2649 0.0056 0.0032 0.4508 0.2755

MOTIF filter12
letter-probability matrix: alength= 6 w= 7 nsites= 537343
0.0132 0.0170 0.2146 0.0388 0.1767 0.5398
0.0120 0.0232 0.1979 0.0177 0.1643 0.5849
0.0118 0.0302 0.1602 0.0080 0.1641 0.6257
0.0101 0.0386 0.1640 0.0272 0.1866 0.5735
0.0101 0.0479 0.1888 0.0602 0.1933 0.4998
0.0086 0.0568 0.1712 0.0897 0.1768 0.4968
0.0073 0.0671 0.1555 0.1152 0.1612 0.4937

MOTIF filter13
letter-probability matrix: alength= 6 w= 7 nsites= 43040
0.0000 0.0000 0.0000 0.0000 0.8315 0.1684
0.0000 0.0000 0.0000 0.0000 0.5870 0.4129
0.0000 0.0000 0.0000 0.0000 0.4671 0.5328
0.0000 0.0000 0.0228 0.0000 0.4684 0.5088
0.0000 0.0016 0.0000 0.0000 0.4807 0.5176
0.0000 0.0120 0.0668 0.0539 0.4130 0.4542
0.0000 0.0235 0.0901 0.1016 0.3575 0.4273

MOTIF filter14
letter-probability matrix: alength= 6 w= 7 nsites= 1248
0.0008 0.0463 0.7982 0.0008 0.1531 0.0008
0.0008 0.0463 0.7982 0.0008 0.1531 0.0008
0.0008 0.0463 0.7265 0.0008 0.1531 0.0726
0.0008 0.0463 0.4219 0.0008 0.0008 0.5295
0.0008 0.0486 0.3461 0.0008 0.0008 0.6029
0.0008 0.0486 0.2727 0.0072 0.0072 0.6635
0.0008 0.0582 0.1818 0.0159 0.0311 0.7121

MOTIF filter15
letter-probability matrix: alength= 6 w= 7 nsites= 121909
0.0000 0.0000 0.4441 0.0000 0.0018 0.5540
0.0000 0.0000 0.3605 0.0000 0.0010 0.6384
0.0000 0.0000 0.3470 0.0000 0.0024 0.6505
0.0000 0.0000 0.2776 0.0091 0.0059 0.7073
0.0000 0.0050 0.2329 0.0299 0.0179 0.7143
0.0000 0.0193 0.2278 0.0682 0.0420 0.6427
0.0000 0.0358 0.2177 0.1035 0.0589 0.5841

