MEME version 4

ALPHABET= FTIHMS

Background letter frequencies:
F 0.0516 T 0.0533 I 0.1361 H 0.1396 M 0.1114 S 0.5081

MOTIF filter0
letter-probability matrix: alength= 6 w= 7 nsites= 103069
0.2388 0.0000 0.0030 0.0187 0.6531 0.0864
0.2151 0.0000 0.0087 0.0200 0.5135 0.2427
0.1854 0.0000 0.0000 0.0228 0.3723 0.4194
0.1595 0.0000 0.0000 0.0423 0.2624 0.5358
0.1406 0.0007 0.0092 0.0408 0.1824 0.6264
0.1243 0.0062 0.0645 0.0750 0.1611 0.5688
0.1106 0.0147 0.0992 0.1119 0.1474 0.5162

MOTIF filter1
letter-probability matrix: alength= 6 w= 7 nsites= 51706
0.0000 0.0000 0.7309 0.0000 0.0000 0.2690
0.0000 0.0000 0.5581 0.0000 0.0000 0.4418
0.0000 0.0003 0.3700 0.0000 0.0006 0.6290
0.0000 0.0020 0.3419 0.0025 0.0043 0.6493
0.0000 0.0092 0.3186 0.0217 0.0195 0.6309
0.0000 0.0194 0.2698 0.0547 0.0343 0.6217
0.0000 0.0326 0.2372 0.0853 0.0476 0.5973

MOTIF filter2
letter-probability matrix: alength= 6 w= 7 nsites= 27062
0.0000 0.0163 0.4439 0.3657 0.0000 0.1740
0.0000 0.0296 0.4223 0.4547 0.0000 0.0933
0.0000 0.0398 0.3196 0.5075 0.0009 0.1321
0.0000 0.0433 0.2430 0.4972 0.0021 0.2144
0.0000 0.0460 0.1822 0.4659 0.0026 0.3033
0.0000 0.0470 0.1564 0.3564 0.0038 0.4363
0.0000 0.0496 0.1588 0.2736 0.0068 0.5112

MOTIF filter3
letter-probability matrix: alength= 6 w= 7 nsites= 84653
0.0000 0.0000 0.0000 0.7958 0.0000 0.2041
0.0000 0.0000 0.0000 0.6029 0.0000 0.3971
0.0000 0.0000 0.0224 0.4781 0.0217 0.4778
0.0000 0.0000 0.0655 0.3593 0.0449 0.5304
0.0000 0.0005 0.1185 0.2759 0.0791 0.5259
0.0000 0.0043 0.1234 0.2138 0.0970 0.5615
0.0000 0.0100 0.1313 0.1725 0.1145 0.5716

MOTIF filter4
letter-probability matrix: alength= 6 w= 7 nsites= 20361
0.0000 0.0000 0.0000 0.5781 0.0323 0.3895
0.0000 0.0000 0.0058 0.2805 0.1243 0.5893
0.0000 0.0000 0.0324 0.0000 0.1586 0.8089
0.0000 0.0000 0.0033 0.0000 0.0831 0.9135
0.0000 0.0039 0.0048 0.0003 0.0006 0.9904
0.0000 0.0168 0.1413 0.0056 0.0954 0.7408
0.0000 0.0325 0.1875 0.0159 0.1548 0.6093

MOTIF filter5
letter-probability matrix: alength= 6 w= 7 nsites= 45944
0.0007 0.2577 0.0347 0.0000 0.6441 0.0627
0.0000 0.2601 0.0247 0.0000 0.6502 0.0650
0.0000 0.2641 0.0247 0.0000 0.6665 0.0447
0.0000 0.2662 0.0517 0.0000 0.6821 0.0000
0.0000 0.2662 0.0032 0.0000 0.5978 0.1327
0.0000 0.2662 0.0009 0.0000 0.5075 0.2254
0.0000 0.2666 0.0110 0.0044 0.4345 0.2834

MOTIF filter6
letter-probability matrix: alength= 6 w= 7 nsites= 22920
0.0000 0.4515 0.5041 0.0000 0.0000 0.0442
0.0000 0.4527 0.4529 0.0000 0.0000 0.0942
0.0000 0.4565 0.4586 0.0000 0.0000 0.0848
0.0000 0.4600 0.4305 0.0057 0.0000 0.1037
0.0000 0.4617 0.3410 0.0096 0.0000 0.1876
0.0000 0.4618 0.2252 0.0123 0.0003 0.3003
0.0000 0.4627 0.1665 0.0191 0.0016 0.3501

MOTIF filter7
letter-probability matrix: alength= 6 w= 7 nsites= 35808
0.0019 0.0000 0.0162 0.5407 0.0000 0.4411
0.0000 0.0000 0.0000 0.5052 0.0000 0.4947
0.0000 0.0000 0.0128 0.5442 0.0000 0.4429
0.0000 0.0000 0.1512 0.5984 0.0000 0.2503
0.0000 0.0023 0.2033 0.6300 0.0051 0.1593
0.0000 0.0068 0.1327 0.5390 0.0123 0.3093
0.0000 0.0108 0.0968 0.4562 0.0166 0.4195

MOTIF filter8
letter-probability matrix: alength= 6 w= 7 nsites= 84616
0.0262 0.0000 0.0020 0.0786 0.0458 0.8474
0.0000 0.0000 0.0028 0.0000 0.0255 0.9717
0.0000 0.0000 0.0000 0.0000 0.0126 0.9874
0.0000 0.0027 0.0022 0.0104 0.0610 0.9237
0.0000 0.0103 0.0743 0.0247 0.1124 0.7783
0.0000 0.0257 0.1685 0.0558 0.1623 0.5877
0.0000 0.0396 0.1870 0.0788 0.1799 0.5146

MOTIF filter9
letter-probability matrix: alength= 6 w= 7 nsites= 18961
0.9293 0.0063 0.0102 0.0001 0.0001 0.0540
0.9293 0.0180 0.0001 0.0001 0.0001 0.0525
0.9293 0.0317 0.0001 0.0001 0.0001 0.0389
0.9293 0.0596 0.0001 0.0001 0.0001 0.0109
0.9293 0.0705 0.0001 0.0001 0.0001 0.0001
0.8176 0.0705 0.0001 0.0001 0.0001 0.1117
0.7228 0.0705 0.0001 0.0001 0.0001 0.2065

MOTIF filter10
letter-probability matrix: alength= 6 w= 7 nsites= 64394
0.0000 0.0000 0.0738 0.0000 0.9080 0.0181
0.0000 0.0000 0.0746 0.0000 0.8991 0.0262
0.0000 0.0003 0.0847 0.0000 0.8874 0.0276
0.0000 0.0006 0.0954 0.0040 0.7574 0.1426
0.0000 0.0008 0.0987 0.0084 0.6483 0.2438
0.0000 0.0014 0.0716 0.0134 0.5451 0.3684
0.0000 0.0041 0.0654 0.0268 0.4620 0.4417

MOTIF filter11
letter-probability matrix: alength= 6 w= 7 nsites= 79956
0.0000 0.0000 0.0002 0.5381 0.0024 0.4592
0.0000 0.0000 0.0221 0.3907 0.0000 0.5871
0.0000 0.0000 0.0647 0.3141 0.0285 0.5927
0.0000 0.0000 0.0341 0.2485 0.0430 0.6743
0.0000 0.0018 0.0343 0.1831 0.0373 0.7436
0.0000 0.0109 0.1121 0.1509 0.0920 0.6341
0.0000 0.0218 0.1481 0.1277 0.1283 0.5741

MOTIF filter12
letter-probability matrix: alength= 6 w= 7 nsites= 88747
0.0000 0.0002 0.0000 0.9125 0.0001 0.0872
0.0000 0.0002 0.0000 0.9994 0.0000 0.0003
0.0000 0.0002 0.0000 0.9266 0.0000 0.0732
0.0000 0.0003 0.0000 0.8473 0.0000 0.1524
0.0000 0.0004 0.0000 0.6869 0.0036 0.3091
0.0000 0.0008 0.0182 0.5084 0.0088 0.4638
0.0000 0.0022 0.0404 0.3820 0.0209 0.5546

MOTIF filter13
letter-probability matrix: alength= 6 w= 7 nsites= 50768
0.7887 0.0000 0.0000 0.0000 0.0000 0.2113
0.7034 0.0000 0.0080 0.0000 0.0006 0.2881
0.6176 0.0000 0.0281 0.0000 0.0042 0.3500
0.5459 0.0000 0.0389 0.0005 0.0111 0.4036
0.4845 0.0000 0.0649 0.0074 0.0248 0.4185
0.4231 0.0000 0.0857 0.0188 0.0375 0.4349
0.3704 0.0000 0.1003 0.0311 0.0486 0.4496

MOTIF filter14
letter-probability matrix: alength= 6 w= 7 nsites= 12025
0.0001 0.7284 0.0001 0.0001 0.0001 0.2713
0.0001 0.9284 0.0001 0.0001 0.0001 0.0712
0.0001 0.9996 0.0001 0.0001 0.0001 0.0001
0.0001 0.9996 0.0001 0.0001 0.0001 0.0001
0.0001 0.9996 0.0001 0.0001 0.0001 0.0001
0.0001 0.9996 0.0001 0.0001 0.0001 0.0001
0.0001 0.9996 0.0001 0.0001 0.0001 0.0001

MOTIF filter15
letter-probability matrix: alength= 6 w= 7 nsites= 92017
0.0000 0.0000 0.0028 0.5183 0.0001 0.4789
0.0000 0.0002 0.0321 0.4307 0.0206 0.5163
0.0000 0.0004 0.0395 0.3306 0.0641 0.5656
0.0000 0.0022 0.0000 0.2541 0.1157 0.6280
0.0000 0.0069 0.0000 0.1972 0.1711 0.6248
0.0000 0.0148 0.0814 0.1599 0.1908 0.5530
0.0000 0.0240 0.1169 0.1326 0.1999 0.5267

