MEME version 4

ALPHABET= FTIHMS

Background letter frequencies:
F 0.0505 T 0.0542 I 0.1325 H 0.1409 M 0.1145 S 0.5073

MOTIF filter0
letter-probability matrix: alength= 6 w= 7 nsites= 68762
0.0000 0.1882 0.1603 0.5869 0.0008 0.0638
0.0000 0.1952 0.1058 0.4427 0.0004 0.2558
0.0000 0.2063 0.0724 0.3386 0.0000 0.3826
0.0000 0.2148 0.0848 0.2629 0.0008 0.4367
0.0000 0.2202 0.1192 0.2160 0.0118 0.4328
0.0000 0.2233 0.1172 0.1814 0.0301 0.4480
0.0000 0.2286 0.1184 0.1561 0.0496 0.4473

MOTIF filter1
letter-probability matrix: alength= 6 w= 7 nsites= 189223
0.0198 0.0000 0.0696 0.0313 0.0768 0.8026
0.0000 0.0000 0.0000 0.0072 0.0462 0.9466
0.0000 0.0000 0.0324 0.0009 0.0175 0.9492
0.0000 0.0000 0.0000 0.0276 0.0460 0.9263
0.0000 0.0054 0.0950 0.0817 0.0575 0.7603
0.0000 0.0228 0.1740 0.1289 0.1028 0.5714
0.0000 0.0386 0.1832 0.1621 0.1205 0.4956

MOTIF filter2
letter-probability matrix: alength= 6 w= 7 nsites= 193538
0.0327 0.0000 0.1220 0.0694 0.0413 0.7346
0.0160 0.0000 0.2076 0.0386 0.0411 0.6966
0.0000 0.0000 0.1549 0.0013 0.0261 0.8176
0.0000 0.0000 0.0030 0.0006 0.0049 0.9914
0.0000 0.0000 0.0842 0.0439 0.0466 0.8253
0.0000 0.0157 0.1741 0.0876 0.0939 0.6286
0.0000 0.0316 0.1928 0.1229 0.1188 0.5339

MOTIF filter3
letter-probability matrix: alength= 6 w= 7 nsites= 46966
0.0000 0.0007 0.0001 0.0000 0.9798 0.0194
0.0000 0.0031 0.0000 0.0000 0.9667 0.0301
0.0000 0.0056 0.0000 0.0000 0.8497 0.1446
0.0000 0.0113 0.0097 0.0000 0.7534 0.2255
0.0000 0.0141 0.0120 0.0049 0.6537 0.3153
0.0000 0.0165 0.0221 0.0176 0.5508 0.3929
0.0000 0.0215 0.0376 0.0393 0.4668 0.4348

MOTIF filter4
letter-probability matrix: alength= 6 w= 7 nsites= 52011
0.0000 0.3390 0.0007 0.6220 0.0002 0.0382
0.0000 0.3474 0.0002 0.4510 0.0001 0.2012
0.0000 0.3590 0.0000 0.4476 0.0000 0.1933
0.0000 0.3688 0.0215 0.3455 0.0062 0.2580
0.0000 0.3796 0.0104 0.2784 0.0208 0.3107
0.0000 0.3817 0.0358 0.2264 0.0338 0.3224
0.0000 0.3846 0.0549 0.1866 0.0471 0.3268

MOTIF filter5
letter-probability matrix: alength= 6 w= 7 nsites= 133979
0.2850 0.0000 0.2333 0.0000 0.3319 0.1498
0.2850 0.0000 0.1817 0.0034 0.2844 0.2455
0.2476 0.0000 0.1810 0.0249 0.2435 0.3030
0.2087 0.0000 0.0639 0.0285 0.1896 0.5094
0.1760 0.0027 0.0616 0.0473 0.1616 0.5509
0.1526 0.0085 0.0913 0.0730 0.1467 0.5280
0.1327 0.0170 0.1100 0.0957 0.1373 0.5072

MOTIF filter6
letter-probability matrix: alength= 6 w= 7 nsites= 63002
0.5873 0.0000 0.0590 0.0000 0.0001 0.3536
0.5031 0.0000 0.0109 0.0000 0.0002 0.4859
0.4324 0.0000 0.0159 0.0017 0.0013 0.5486
0.3739 0.0000 0.0407 0.0137 0.0079 0.5638
0.3242 0.0000 0.1176 0.0373 0.0215 0.4994
0.2819 0.0036 0.1318 0.0580 0.0430 0.4817
0.2461 0.0074 0.1339 0.0747 0.0583 0.4796

MOTIF filter7
letter-probability matrix: alength= 6 w= 7 nsites= 142414
0.0000 0.0000 0.4617 0.0423 0.0000 0.4959
0.0000 0.0000 0.3039 0.0000 0.0002 0.6959
0.0000 0.0000 0.2046 0.0000 0.0040 0.7913
0.0000 0.0000 0.1929 0.0116 0.0233 0.7721
0.0000 0.0020 0.3069 0.0474 0.0613 0.5823
0.0000 0.0135 0.2596 0.0781 0.0788 0.5701
0.0000 0.0257 0.2202 0.1037 0.0884 0.5621

MOTIF filter8
letter-probability matrix: alength= 6 w= 7 nsites= 25987
0.0000 0.4869 0.0008 0.0030 0.0013 0.5079
0.0000 0.4982 0.0005 0.0003 0.0012 0.4998
0.0000 0.5152 0.0861 0.0000 0.0000 0.3986
0.0000 0.5348 0.2383 0.0004 0.0000 0.2265
0.0000 0.5526 0.2428 0.0020 0.0947 0.1079
0.0000 0.5526 0.1392 0.0020 0.0757 0.2305
0.0000 0.5538 0.0977 0.0020 0.0671 0.2793

MOTIF filter9
letter-probability matrix: alength= 6 w= 7 nsites= 155
0.0062 0.0062 0.0062 0.9689 0.0062 0.0062
0.0062 0.0062 0.0062 0.3727 0.0062 0.6025
0.0062 0.0062 0.0062 0.1677 0.0062 0.8075
0.0062 0.0062 0.6025 0.1366 0.0062 0.2422
0.0062 0.0062 0.0062 0.0062 0.2050 0.7702
0.0062 0.0062 0.0062 0.0062 0.2050 0.7702
0.0062 0.0062 0.1242 0.0062 0.2919 0.5652

MOTIF filter10
letter-probability matrix: alength= 6 w= 7 nsites= 557917
0.0180 0.0025 0.1989 0.1548 0.0843 0.5415
0.0113 0.0061 0.1856 0.1691 0.0822 0.5457
0.0071 0.0105 0.2136 0.1729 0.0939 0.5020
0.0028 0.0138 0.1864 0.1506 0.0929 0.5536
0.0000 0.0195 0.1495 0.1305 0.0742 0.6262
0.0000 0.0277 0.1524 0.1355 0.0840 0.6004
0.0000 0.0383 0.1578 0.1402 0.0933 0.5704

MOTIF filter11
letter-probability matrix: alength= 6 w= 7 nsites= 172666
0.0225 0.0000 0.1602 0.2853 0.0306 0.5014
0.0000 0.0000 0.0104 0.3025 0.0019 0.6853
0.0000 0.0000 0.0490 0.3197 0.0003 0.6309
0.0000 0.0000 0.0054 0.3583 0.0003 0.6360
0.0000 0.0000 0.0093 0.3491 0.0104 0.6313
0.0000 0.0117 0.0968 0.3295 0.0483 0.5137
0.0000 0.0224 0.1229 0.2985 0.0692 0.4870

MOTIF filter12
letter-probability matrix: alength= 6 w= 7 nsites= 130098
0.0684 0.0000 0.4618 0.0000 0.0001 0.4697
0.0451 0.0000 0.5136 0.0000 0.0020 0.4393
0.0174 0.0000 0.2420 0.0000 0.0041 0.7365
0.0000 0.0000 0.0165 0.0000 0.0018 0.9816
0.0000 0.0000 0.0897 0.0000 0.0068 0.9034
0.0000 0.0140 0.1792 0.0469 0.0501 0.7099
0.0000 0.0298 0.2071 0.0864 0.0816 0.5950

MOTIF filter13
letter-probability matrix: alength= 6 w= 7 nsites= 78225
0.4400 0.0000 0.0313 0.0000 0.5127 0.0159
0.4397 0.0007 0.0313 0.0000 0.5162 0.0121
0.4358 0.0022 0.0320 0.0000 0.5144 0.0156
0.3957 0.0036 0.0320 0.0000 0.4563 0.1123
0.3486 0.0040 0.0402 0.0000 0.4086 0.1986
0.3016 0.0043 0.0335 0.0026 0.3434 0.3146
0.2615 0.0058 0.0385 0.0099 0.2917 0.3927

MOTIF filter14
letter-probability matrix: alength= 6 w= 7 nsites= 26581
0.0000 0.8034 0.0000 0.0006 0.0000 0.1959
0.0000 0.9261 0.0000 0.0000 0.0000 0.0738
0.0000 0.9915 0.0000 0.0000 0.0000 0.0083
0.0000 0.9998 0.0000 0.0000 0.0000 0.0000
0.0000 0.9998 0.0000 0.0000 0.0000 0.0000
0.0000 0.9998 0.0000 0.0000 0.0000 0.0000
0.0000 0.9998 0.0000 0.0000 0.0000 0.0000

MOTIF filter15
letter-probability matrix: alength= 6 w= 7 nsites= 5662
0.0002 0.0002 0.8305 0.0005 0.0002 0.1685
0.0002 0.0002 0.8084 0.0005 0.0002 0.1905
0.0002 0.0002 0.4130 0.0002 0.0002 0.5863
0.0002 0.0042 0.4181 0.1473 0.0009 0.4293
0.0002 0.0056 0.3869 0.1814 0.0032 0.4227
0.0002 0.0124 0.3058 0.2048 0.0118 0.4651
0.0002 0.0191 0.2519 0.2172 0.0261 0.4855

