MEME version 4

ALPHABET= FTIHMS

Background letter frequencies:
F 0.0481 T 0.0507 I 0.1377 H 0.1375 M 0.1054 S 0.5206

MOTIF filter0
letter-probability matrix: alength= 6 w= 7 nsites= 171258
0.0000 0.0000 0.0340 0.0411 0.0010 0.9239
0.0000 0.0000 0.1702 0.1431 0.0091 0.6775
0.0000 0.0000 0.0664 0.2197 0.0147 0.6992
0.0000 0.0061 0.0239 0.2726 0.0046 0.6928
0.0000 0.0156 0.0616 0.3242 0.0240 0.5747
0.0000 0.0289 0.1205 0.3162 0.0542 0.4802
0.0000 0.0413 0.1337 0.2923 0.0676 0.4651

MOTIF filter1
letter-probability matrix: alength= 6 w= 7 nsites= 138734
0.0000 0.0000 0.1263 0.0000 0.0263 0.8474
0.0000 0.0000 0.0187 0.0576 0.0000 0.9237
0.0000 0.0000 0.2019 0.1321 0.0170 0.6490
0.0000 0.0000 0.2400 0.1925 0.0239 0.5436
0.0000 0.0000 0.0608 0.2223 0.0010 0.7159
0.0000 0.0133 0.1186 0.2429 0.0310 0.5943
0.0000 0.0285 0.1499 0.2497 0.0499 0.5219

MOTIF filter2
letter-probability matrix: alength= 6 w= 7 nsites= 827751
0.0560 0.0111 0.1466 0.1537 0.0906 0.5420
0.0467 0.0115 0.1481 0.1440 0.0912 0.5585
0.0392 0.0145 0.1505 0.1422 0.0961 0.5574
0.0330 0.0195 0.1530 0.1410 0.0971 0.5565
0.0304 0.0258 0.1490 0.1444 0.1008 0.5497
0.0261 0.0334 0.1507 0.1458 0.1038 0.5403
0.0225 0.0427 0.1493 0.1469 0.1055 0.5331

MOTIF filter3
letter-probability matrix: alength= 6 w= 7 nsites= 69328
0.2944 0.1258 0.0000 0.0000 0.5777 0.0021
0.2944 0.1261 0.0000 0.0000 0.5781 0.0014
0.2944 0.1264 0.0000 0.0000 0.5783 0.0009
0.2944 0.1267 0.0000 0.0000 0.5193 0.0596
0.2687 0.1269 0.0000 0.0000 0.4452 0.1591
0.2337 0.1271 0.0044 0.0022 0.3670 0.2656
0.2036 0.1286 0.0149 0.0093 0.3052 0.3383

MOTIF filter4
letter-probability matrix: alength= 6 w= 7 nsites= 55495
0.0000 0.0000 0.6402 0.0763 0.0003 0.2832
0.0000 0.0000 0.5320 0.0630 0.0000 0.4050
0.0000 0.0000 0.6320 0.0508 0.0000 0.3172
0.0000 0.0007 0.7499 0.0664 0.0000 0.1829
0.0000 0.0026 0.6525 0.0758 0.0000 0.2691
0.0000 0.0039 0.3962 0.0645 0.0019 0.5334
0.0000 0.0073 0.2676 0.0632 0.0058 0.6561

MOTIF filter5
letter-probability matrix: alength= 6 w= 7 nsites= 86160
0.3620 0.0000 0.0000 0.2101 0.4090 0.0190
0.3588 0.0003 0.0000 0.2075 0.4125 0.0210
0.3180 0.0007 0.0000 0.2060 0.4150 0.0603
0.2841 0.0010 0.0000 0.2101 0.3724 0.1324
0.2502 0.0013 0.0031 0.1771 0.3295 0.2387
0.2163 0.0015 0.0129 0.1420 0.2738 0.3534
0.1881 0.0027 0.0302 0.1206 0.2312 0.4272

MOTIF filter6
letter-probability matrix: alength= 6 w= 7 nsites= 63691
0.0000 0.0003 0.1434 0.2931 0.5407 0.0225
0.0000 0.0011 0.1442 0.2800 0.5321 0.0426
0.0000 0.0023 0.1478 0.2774 0.5281 0.0443
0.0000 0.0054 0.1384 0.2833 0.4680 0.1049
0.0000 0.0072 0.1238 0.2367 0.4062 0.2261
0.0000 0.0075 0.0819 0.1889 0.3367 0.3849
0.0000 0.0095 0.0717 0.1592 0.2813 0.4783

MOTIF filter7
letter-probability matrix: alength= 6 w= 7 nsites= 162866
0.0000 0.0293 0.3440 0.0000 0.0126 0.6141
0.0000 0.0293 0.3136 0.0000 0.0152 0.6419
0.0000 0.0293 0.2936 0.0000 0.0162 0.6609
0.0000 0.0293 0.1297 0.0000 0.0000 0.8410
0.0000 0.0330 0.0253 0.0032 0.0000 0.9384
0.0000 0.0500 0.1390 0.0471 0.0518 0.7121
0.0000 0.0694 0.1853 0.0863 0.0849 0.5741

MOTIF filter8
letter-probability matrix: alength= 6 w= 7 nsites= 192964
0.0000 0.0000 0.0000 0.0000 0.0000 1.0000
0.0000 0.0000 0.1814 0.0000 0.0205 0.7981
0.0000 0.0000 0.1317 0.0000 0.0189 0.8494
0.0000 0.0000 0.0424 0.0000 0.0070 0.9506
0.0000 0.0027 0.1242 0.0253 0.0625 0.7853
0.0000 0.0204 0.1902 0.0689 0.1025 0.6180
0.0000 0.0376 0.1992 0.1028 0.1198 0.5406

MOTIF filter9
letter-probability matrix: alength= 6 w= 7 nsites= 55295
0.0000 0.0000 0.2580 0.0000 0.0000 0.7419
0.0000 0.0000 0.2154 0.0000 0.0000 0.7845
0.0000 0.0000 0.0000 0.0000 0.0000 0.9999
0.0000 0.0333 0.1633 0.0000 0.0000 0.8034
0.0000 0.0633 0.2559 0.0000 0.0000 0.6807
0.0000 0.0799 0.2470 0.0486 0.0394 0.5850
0.0000 0.0958 0.2210 0.0867 0.0584 0.5381

MOTIF filter10
letter-probability matrix: alength= 6 w= 7 nsites= 81205
0.3289 0.1074 0.1365 0.1779 0.2483 0.0010
0.3270 0.1077 0.1341 0.1777 0.2480 0.0054
0.2953 0.1084 0.1056 0.1777 0.2479 0.0651
0.2594 0.1091 0.0791 0.1795 0.2483 0.1246
0.2294 0.1099 0.0672 0.1415 0.2077 0.2444
0.1995 0.1104 0.0562 0.1145 0.1753 0.3442
0.1738 0.1117 0.0606 0.0982 0.1516 0.4041

MOTIF filter11
letter-probability matrix: alength= 6 w= 7 nsites= 37782
0.0000 0.0000 0.0000 0.0000 0.0065 0.9934
0.0000 0.0000 0.0000 0.0179 0.0000 0.9820
0.0000 0.0000 0.0444 0.0497 0.0109 0.8949
0.0000 0.0000 0.0845 0.2027 0.0096 0.7032
0.0000 0.0084 0.1168 0.3710 0.0281 0.4757
0.0000 0.0198 0.1324 0.3857 0.0586 0.4035
0.0000 0.0298 0.1278 0.3793 0.0708 0.3922

MOTIF filter12
letter-probability matrix: alength= 6 w= 7 nsites= 160595
0.0000 0.0000 0.3884 0.0000 0.0453 0.5663
0.0000 0.0000 0.3394 0.0000 0.0254 0.6352
0.0000 0.0000 0.1258 0.0000 0.0000 0.8742
0.0000 0.0000 0.0060 0.0000 0.0000 0.9940
0.0000 0.0081 0.0981 0.0265 0.0084 0.8589
0.0000 0.0274 0.1879 0.0827 0.0574 0.6445
0.0000 0.0460 0.2023 0.1246 0.0834 0.5437

MOTIF filter13
letter-probability matrix: alength= 6 w= 7 nsites= 42555
0.8912 0.0000 0.0000 0.0000 0.0000 0.1087
0.7901 0.0000 0.0001 0.0000 0.0008 0.2089
0.6900 0.0000 0.0085 0.0000 0.0037 0.2977
0.5902 0.0000 0.0225 0.0023 0.0135 0.3715
0.5066 0.0000 0.0450 0.0073 0.0293 0.4118
0.4380 0.0000 0.0671 0.0157 0.0378 0.4413
0.3809 0.0000 0.0871 0.0260 0.0483 0.4577

MOTIF filter14
letter-probability matrix: alength= 6 w= 7 nsites= 117322
0.0000 0.0000 0.0017 0.0000 0.0050 0.9932
0.0000 0.0000 0.0162 0.0000 0.0000 0.9838
0.0000 0.0000 0.0854 0.0155 0.0003 0.8988
0.0000 0.0030 0.0740 0.0346 0.0140 0.8745
0.0000 0.0194 0.1500 0.0906 0.0152 0.7248
0.0000 0.0365 0.1916 0.1468 0.0502 0.5749
0.0000 0.0529 0.1908 0.1842 0.0670 0.5051

MOTIF filter15
letter-probability matrix: alength= 6 w= 7 nsites= 129120
0.0000 0.0000 0.5329 0.2032 0.0130 0.2509
0.0000 0.0000 0.3741 0.1955 0.0000 0.4304
0.0000 0.0000 0.2223 0.1469 0.0000 0.6307
0.0000 0.0000 0.0518 0.0761 0.0017 0.8704
0.0000 0.0019 0.0368 0.0136 0.0049 0.9429
0.0000 0.0171 0.1427 0.0592 0.0430 0.7381
0.0000 0.0341 0.1866 0.0957 0.0718 0.6118

