MEME version 4

ALPHABET= ACGU

Background letter frequencies:
A 0.2535 C 0.2249 G 0.2254 U 0.2961

MOTIF filter0
letter-probability matrix: alength= 4 w= 7 nsites= 25657
0.6667 0.2693 0.0000 0.0640
0.0510 0.6001 0.0788 0.2701
0.7189 0.1146 0.1454 0.0210
0.4166 0.0120 0.5095 0.0619
0.2633 0.2276 0.2932 0.2159
0.2561 0.2517 0.2597 0.2325
0.2567 0.2448 0.2257 0.2728

MOTIF filter1
letter-probability matrix: alength= 4 w= 7 nsites= 53574
0.2276 0.0586 0.3844 0.3294
0.1955 0.1671 0.6287 0.0087
0.2495 0.1043 0.6150 0.0311
0.2949 0.2030 0.4761 0.0260
0.2525 0.2303 0.3156 0.2016
0.2391 0.2292 0.3081 0.2235
0.2349 0.2312 0.3160 0.2179

MOTIF filter2
letter-probability matrix: alength= 4 w= 7 nsites= 32710
0.1670 0.1559 0.3301 0.3470
0.2482 0.4130 0.3201 0.0187
0.4802 0.1501 0.3279 0.0418
0.0433 0.0225 0.9333 0.0009
0.2365 0.2488 0.3304 0.1843
0.2389 0.2470 0.2965 0.2176
0.2315 0.2372 0.3089 0.2224

MOTIF filter3
letter-probability matrix: alength= 4 w= 7 nsites= 10019
0.0001 0.0001 0.0001 0.9997
0.0001 0.0001 0.0001 0.9997
0.0001 0.0001 0.0001 0.9997
0.0001 0.0001 0.0001 0.9997
0.1739 0.1476 0.1321 0.5464
0.2046 0.1403 0.1146 0.5405
0.2313 0.1262 0.1306 0.5119

MOTIF filter4
letter-probability matrix: alength= 4 w= 7 nsites= 4870
0.0002 0.0002 0.0002 0.9994
0.9093 0.0002 0.0002 0.0903
0.6424 0.2431 0.0002 0.1143
0.2183 0.1245 0.5127 0.1444
0.2739 0.2015 0.1851 0.3396
0.2835 0.2130 0.2037 0.2998
0.2712 0.2089 0.1875 0.3324

MOTIF filter5
letter-probability matrix: alength= 4 w= 7 nsites= 64296
0.0495 0.3310 0.6184 0.0011
0.4403 0.2081 0.3353 0.0163
0.3230 0.0769 0.3626 0.2376
0.1535 0.1954 0.6511 0.0000
0.2514 0.2521 0.2868 0.2098
0.2274 0.2448 0.2940 0.2337
0.2275 0.2421 0.3155 0.2149

MOTIF filter6
letter-probability matrix: alength= 4 w= 7 nsites= 15547
0.2237 0.0255 0.0001 0.7508
0.0064 0.1022 0.3119 0.5795
0.0847 0.0948 0.0093 0.8112
0.2555 0.0001 0.0701 0.6743
0.2074 0.1406 0.1601 0.4919
0.2455 0.1446 0.1345 0.4755
0.2329 0.1523 0.1687 0.4461

MOTIF filter7
letter-probability matrix: alength= 4 w= 7 nsites= 40171
0.1184 0.2717 0.4533 0.1567
0.4634 0.2148 0.2905 0.0313
0.0192 0.0820 0.8930 0.0057
0.4337 0.2114 0.3477 0.0072
0.2394 0.2563 0.3035 0.2007
0.2352 0.2444 0.2999 0.2205
0.2193 0.2534 0.3042 0.2231

MOTIF filter8
letter-probability matrix: alength= 4 w= 7 nsites= 12625
0.0321 0.0001 0.0001 0.9677
0.0001 0.0001 0.0001 0.9998
0.2782 0.0001 0.0626 0.6591
0.3660 0.1138 0.0001 0.5202
0.2558 0.1232 0.1266 0.4944
0.2500 0.1307 0.1222 0.4971
0.2408 0.1387 0.1400 0.4805

MOTIF filter9
letter-probability matrix: alength= 4 w= 7 nsites= 45543
0.3068 0.1920 0.2901 0.2111
0.3637 0.1411 0.4135 0.0817
0.4523 0.0634 0.4203 0.0640
0.1495 0.0274 0.8014 0.0217
0.2646 0.2194 0.3229 0.1930
0.2547 0.2227 0.2984 0.2242
0.2465 0.2160 0.3025 0.2350

MOTIF filter10
letter-probability matrix: alength= 4 w= 7 nsites= 1897
0.0005 0.0005 0.9984 0.0005
0.0005 0.0005 0.0005 0.9984
0.8858 0.0158 0.0978 0.0005
0.5092 0.0984 0.2441 0.1483
0.2809 0.1641 0.2898 0.2651
0.2667 0.1704 0.2162 0.3467
0.2551 0.1862 0.2578 0.3009

MOTIF filter11
letter-probability matrix: alength= 4 w= 7 nsites= 18167
0.1589 0.1599 0.6637 0.0174
0.1268 0.1266 0.5286 0.2180
0.0001 0.8050 0.1949 0.0001
0.1449 0.7224 0.0001 0.1327
0.2197 0.3038 0.1643 0.3122
0.1895 0.3020 0.2787 0.2298
0.2006 0.2833 0.2879 0.2282

