MEME version 4

ALPHABET= FTIHMS

Background letter frequencies:
F 0.0513 T 0.0513 I 0.1366 H 0.1387 M 0.1092 S 0.5129

MOTIF filter0
letter-probability matrix: alength= 6 w= 7 nsites= 55001
0.0000 0.1751 0.1161 0.0000 0.5394 0.1693
0.0000 0.1775 0.1662 0.0000 0.5373 0.1189
0.0000 0.1789 0.2747 0.0000 0.5408 0.0055
0.0000 0.1789 0.1845 0.0000 0.4343 0.2022
0.0000 0.1793 0.0907 0.0000 0.3653 0.3647
0.0000 0.1806 0.0757 0.0086 0.3119 0.4231
0.0000 0.1852 0.0807 0.0286 0.2689 0.4365

MOTIF filter1
letter-probability matrix: alength= 6 w= 7 nsites= 76837
0.0000 0.0000 0.0425 0.7065 0.0795 0.1715
0.0000 0.0000 0.0186 0.8534 0.0728 0.0552
0.0000 0.0000 0.0000 0.8359 0.0437 0.1204
0.0000 0.0000 0.0000 0.7991 0.0191 0.1817
0.0000 0.0001 0.0292 0.6527 0.0000 0.3181
0.0000 0.0006 0.0246 0.4851 0.0011 0.4886
0.0000 0.0021 0.0557 0.3659 0.0081 0.5681

MOTIF filter2
letter-probability matrix: alength= 6 w= 7 nsites= 1783
0.0006 0.0006 0.0917 0.0006 0.0050 0.9016
0.0006 0.0196 0.1073 0.0581 0.0006 0.8139
0.0006 0.0196 0.0006 0.0581 0.0006 0.9206
0.0006 0.0246 0.0006 0.0581 0.0006 0.9156
0.0006 0.0514 0.8888 0.0224 0.0006 0.0363
0.0006 0.0514 0.4897 0.0123 0.0006 0.4455
0.0006 0.0514 0.3326 0.0078 0.0006 0.6070

MOTIF filter3
letter-probability matrix: alength= 6 w= 7 nsites= 38924
0.0000 0.0000 0.0000 0.0000 0.9658 0.0341
0.0000 0.0000 0.0269 0.0000 0.9657 0.0072
0.0000 0.0000 0.0323 0.0000 0.9658 0.0019
0.0000 0.0000 0.0323 0.0000 0.8552 0.1125
0.0000 0.0000 0.0181 0.0000 0.7430 0.2388
0.0000 0.0005 0.0188 0.0048 0.6258 0.3501
0.0000 0.0027 0.0293 0.0178 0.5305 0.4195

MOTIF filter4
letter-probability matrix: alength= 6 w= 7 nsites= 45018
0.0000 0.3182 0.3213 0.0000 0.0001 0.3603
0.0000 0.3187 0.0145 0.0000 0.0000 0.6667
0.0000 0.3238 0.0438 0.0019 0.0027 0.6278
0.0000 0.3333 0.0008 0.0180 0.0003 0.6475
0.0000 0.3472 0.0115 0.0575 0.0004 0.5833
0.0000 0.3624 0.1037 0.0972 0.0317 0.4050
0.0000 0.3766 0.1266 0.1241 0.0512 0.3216

MOTIF filter5
letter-probability matrix: alength= 6 w= 7 nsites= 682947
0.0527 0.0221 0.1531 0.1349 0.1199 0.5174
0.0442 0.0261 0.1516 0.1236 0.1229 0.5317
0.0353 0.0279 0.1388 0.1125 0.1251 0.5603
0.0309 0.0336 0.1508 0.1196 0.1274 0.5378
0.0246 0.0405 0.1659 0.1166 0.1253 0.5271
0.0220 0.0481 0.1575 0.1239 0.1239 0.5246
0.0198 0.0574 0.1521 0.1307 0.1215 0.5186

MOTIF filter6
letter-probability matrix: alength= 6 w= 7 nsites= 3920
0.0003 0.9139 0.0003 0.0003 0.0644 0.0209
0.0003 0.9292 0.0005 0.0053 0.0639 0.0008
0.0003 0.9292 0.0005 0.0053 0.0003 0.0644
0.0003 0.9297 0.0005 0.0053 0.0003 0.0639
0.0003 0.9325 0.0553 0.0066 0.0051 0.0003
0.0003 0.9325 0.0206 0.0048 0.0043 0.0374
0.0003 0.9325 0.0064 0.0033 0.0028 0.0548

MOTIF filter7
letter-probability matrix: alength= 6 w= 7 nsites= 17111
0.0001 0.0001 0.8960 0.0001 0.0001 0.1038
0.0001 0.0001 0.6725 0.0001 0.0001 0.3272
0.0001 0.0001 0.5696 0.0001 0.0001 0.4302
0.0001 0.0004 0.5808 0.0001 0.0009 0.4177
0.0001 0.0023 0.5149 0.0001 0.0048 0.4779
0.0001 0.0079 0.3721 0.0211 0.0112 0.5877
0.0001 0.0168 0.2928 0.0431 0.0180 0.6292

MOTIF filter8
letter-probability matrix: alength= 6 w= 7 nsites= 683216
0.0675 0.0254 0.1591 0.1494 0.0661 0.5325
0.0602 0.0292 0.1534 0.1506 0.0499 0.5567
0.0519 0.0345 0.1276 0.1663 0.0327 0.5871
0.0474 0.0403 0.1108 0.1734 0.0232 0.6049
0.0412 0.0468 0.1291 0.1760 0.0443 0.5627
0.0359 0.0552 0.1401 0.1759 0.0593 0.5335
0.0315 0.0653 0.1444 0.1745 0.0706 0.5137

MOTIF filter9
letter-probability matrix: alength= 6 w= 7 nsites= 76879
0.0000 0.0257 0.0000 0.8135 0.0000 0.1607
0.0000 0.0546 0.0074 0.7199 0.0073 0.2108
0.0000 0.0817 0.0051 0.4776 0.0104 0.4253
0.0000 0.0879 0.0380 0.2901 0.0143 0.5697
0.0000 0.0898 0.0489 0.0443 0.0000 0.8170
0.0000 0.0943 0.1033 0.0346 0.0444 0.7233
0.0000 0.1020 0.1527 0.0265 0.0888 0.6300

MOTIF filter10
letter-probability matrix: alength= 6 w= 7 nsites= 4341
0.0002 0.0002 0.0002 0.1546 0.0002 0.8445
0.0002 0.0002 0.0002 0.0002 0.0561 0.9429
0.0002 0.0002 0.2599 0.0002 0.0828 0.6565
0.0002 0.0002 0.0002 0.0002 0.0023 0.9968
0.0002 0.0002 0.0002 0.0002 0.0002 0.9988
0.0002 0.0198 0.1440 0.0964 0.0343 0.7053
0.0002 0.0421 0.1801 0.1677 0.0628 0.5470

MOTIF filter11
letter-probability matrix: alength= 6 w= 7 nsites= 62461
0.0000 0.0000 0.3844 0.0000 0.1625 0.4530
0.0000 0.0000 0.2664 0.0399 0.0797 0.6140
0.0000 0.0000 0.1186 0.1061 0.0000 0.7753
0.0000 0.0056 0.0779 0.1620 0.0004 0.7541
0.0000 0.0103 0.0579 0.2271 0.0180 0.6867
0.0000 0.0233 0.1205 0.2563 0.0350 0.5649
0.0000 0.0391 0.1465 0.2646 0.0471 0.5028

MOTIF filter12
letter-probability matrix: alength= 6 w= 7 nsites= 255162
0.1239 0.0201 0.1856 0.1236 0.0422 0.5046
0.1168 0.0274 0.1789 0.1153 0.0480 0.5135
0.1162 0.0291 0.1098 0.1059 0.0549 0.5840
0.0959 0.0294 0.0756 0.0939 0.0333 0.6719
0.0842 0.0308 0.0882 0.0525 0.0320 0.7123
0.0744 0.0421 0.1378 0.0813 0.0565 0.6079
0.0662 0.0544 0.1645 0.1016 0.0730 0.5403

MOTIF filter13
letter-probability matrix: alength= 6 w= 7 nsites= 13069
0.0148 0.0001 0.0041 0.1165 0.0001 0.8645
0.0001 0.0001 0.0001 0.0001 0.0001 0.9996
0.0001 0.0001 0.0001 0.0001 0.0184 0.9813
0.0001 0.0001 0.1556 0.0001 0.4824 0.3618
0.0001 0.0001 0.0001 0.0001 0.5911 0.4086
0.0001 0.0033 0.0313 0.0005 0.4960 0.4689
0.0001 0.0078 0.0637 0.0037 0.4236 0.5011

MOTIF filter14
letter-probability matrix: alength= 6 w= 7 nsites= 57735
0.0000 0.0000 0.0366 0.0802 0.0241 0.8591
0.0000 0.0000 0.0664 0.1481 0.1002 0.6853
0.0000 0.0000 0.2308 0.2058 0.2145 0.3489
0.0000 0.0000 0.3803 0.2508 0.3290 0.0398
0.0000 0.0000 0.3314 0.2369 0.3347 0.0970
0.0000 0.0000 0.2004 0.1941 0.2646 0.3409
0.0000 0.0014 0.1321 0.1539 0.2131 0.4995

MOTIF filter15
letter-probability matrix: alength= 6 w= 7 nsites= 50608
0.8956 0.0000 0.0792 0.0000 0.0000 0.0252
0.8130 0.0000 0.0722 0.0189 0.0000 0.0959
0.7109 0.0000 0.0000 0.0189 0.0000 0.2701
0.6269 0.0000 0.0000 0.0200 0.0020 0.3511
0.5559 0.0000 0.0290 0.0230 0.0173 0.3748
0.4849 0.0012 0.0543 0.0242 0.0256 0.4098
0.4257 0.0025 0.0730 0.0308 0.0359 0.4321

