MEME version 4

ALPHABET= FTIHMS

Background letter frequencies:
F 0.0524 T 0.0538 I 0.1357 H 0.1393 M 0.1115 S 0.5072

MOTIF filter0
letter-probability matrix: alength= 6 w= 7 nsites= 48274
0.0000 0.2194 0.1116 0.5762 0.0016 0.0912
0.0000 0.2194 0.0000 0.4500 0.0000 0.3306
0.0000 0.2203 0.0120 0.3676 0.0027 0.3974
0.0000 0.2224 0.0479 0.2922 0.0164 0.4211
0.0000 0.2262 0.0742 0.2244 0.0331 0.4420
0.0000 0.2312 0.0937 0.1676 0.0524 0.4551
0.0000 0.2381 0.1111 0.1363 0.0756 0.4389

MOTIF filter1
letter-probability matrix: alength= 6 w= 7 nsites= 129446
0.0000 0.0000 0.0000 0.1988 0.0995 0.7016
0.0000 0.0000 0.0471 0.1115 0.0745 0.7669
0.0000 0.0062 0.1143 0.1189 0.0883 0.6724
0.0000 0.0140 0.1522 0.1314 0.1037 0.5986
0.0000 0.0226 0.1645 0.1470 0.1144 0.5514
0.0000 0.0324 0.1628 0.1556 0.1210 0.5282
0.0000 0.0431 0.1543 0.1596 0.1244 0.5186

MOTIF filter2
letter-probability matrix: alength= 6 w= 7 nsites= 68290
0.4857 0.1731 0.0129 0.0007 0.0068 0.3209
0.4195 0.1731 0.0183 0.0036 0.0159 0.3696
0.3640 0.1731 0.0500 0.0122 0.0272 0.3734
0.3169 0.1731 0.0722 0.0224 0.0382 0.3771
0.2765 0.1731 0.0866 0.0331 0.0474 0.3833
0.2419 0.1731 0.0963 0.0438 0.0550 0.3898
0.2121 0.1731 0.1042 0.0529 0.0615 0.3961

MOTIF filter3
letter-probability matrix: alength= 6 w= 7 nsites= 76584
0.0000 0.0000 0.3474 0.0000 0.6202 0.0324
0.0000 0.0000 0.3657 0.0000 0.6287 0.0055
0.0000 0.0000 0.2142 0.0000 0.5236 0.2621
0.0000 0.0000 0.1327 0.0001 0.4372 0.4300
0.0000 0.0012 0.1084 0.0095 0.3692 0.5116
0.0000 0.0049 0.1070 0.0291 0.3169 0.5422
0.0000 0.0121 0.1136 0.0567 0.2757 0.5419

MOTIF filter4
letter-probability matrix: alength= 6 w= 7 nsites= 271843
0.0000 0.0000 0.1491 0.0348 0.0407 0.7754
0.0000 0.0000 0.1631 0.0615 0.0751 0.7002
0.0000 0.0094 0.2016 0.1087 0.1010 0.5794
0.0000 0.0184 0.2033 0.1446 0.1110 0.5227
0.0000 0.0271 0.1886 0.1668 0.1123 0.5053
0.0000 0.0361 0.1724 0.1811 0.1090 0.5013
0.0000 0.0466 0.1582 0.1857 0.1041 0.5054

MOTIF filter5
letter-probability matrix: alength= 6 w= 7 nsites= 275321
0.0000 0.0000 0.0773 0.1297 0.0100 0.7831
0.0000 0.0000 0.0000 0.1310 0.0341 0.8349
0.0000 0.0102 0.1164 0.1754 0.0756 0.6224
0.0000 0.0203 0.1656 0.1978 0.1001 0.5161
0.0000 0.0296 0.1676 0.2040 0.1093 0.4895
0.0000 0.0385 0.1577 0.2030 0.1093 0.4915
0.0000 0.0483 0.1469 0.1949 0.1059 0.5039

MOTIF filter6
letter-probability matrix: alength= 6 w= 7 nsites= 61782
0.0971 0.0329 0.1352 0.0358 0.1458 0.5532
0.0615 0.0372 0.2470 0.0631 0.1466 0.4446
0.0522 0.0421 0.1960 0.0822 0.1384 0.4890
0.0448 0.0475 0.1722 0.0956 0.1334 0.5065
0.0384 0.0537 0.1622 0.1073 0.1290 0.5095
0.0331 0.0619 0.1529 0.1170 0.1258 0.5093
0.0285 0.0725 0.1439 0.1275 0.1308 0.4968

MOTIF filter7
letter-probability matrix: alength= 6 w= 7 nsites= 49417
0.0000 0.2395 0.1552 0.6052 0.0000 0.0000
0.0000 0.2395 0.1552 0.6052 0.0000 0.0000
0.0000 0.2395 0.1057 0.4596 0.0000 0.1952
0.0000 0.2395 0.0730 0.3502 0.0000 0.3373
0.0000 0.2397 0.0693 0.2796 0.0032 0.4081
0.0000 0.2411 0.0792 0.2274 0.0136 0.4387
0.0000 0.2445 0.0919 0.1894 0.0292 0.4449

MOTIF filter8
letter-probability matrix: alength= 6 w= 7 nsites= 22359
0.0000 0.0000 0.9998 0.0000 0.0000 0.0000
0.0000 0.0000 0.8202 0.0000 0.0000 0.1796
0.0000 0.0000 0.5261 0.0000 0.0000 0.4737
0.0000 0.0004 0.3581 0.0053 0.0007 0.6354
0.0000 0.0032 0.2833 0.0246 0.0050 0.6838
0.0000 0.0101 0.2507 0.0545 0.0137 0.6710
0.0000 0.0224 0.2299 0.0878 0.0262 0.6337

MOTIF filter9
letter-probability matrix: alength= 6 w= 7 nsites= 49241
0.7830 0.0000 0.0000 0.0000 0.0000 0.2169
0.6737 0.0000 0.0083 0.0008 0.0009 0.3162
0.5819 0.0000 0.0262 0.0042 0.0061 0.3817
0.5050 0.0000 0.0483 0.0106 0.0156 0.4204
0.4397 0.0000 0.0699 0.0200 0.0284 0.4420
0.3836 0.0000 0.0888 0.0309 0.0411 0.4556
0.3357 0.0000 0.1037 0.0425 0.0527 0.4654

MOTIF filter10
letter-probability matrix: alength= 6 w= 7 nsites= 238489
0.0000 0.0000 0.0974 0.0000 0.0029 0.8997
0.0000 0.0004 0.0159 0.0322 0.0000 0.9515
0.0000 0.0111 0.1456 0.0847 0.0612 0.6974
0.0000 0.0222 0.1960 0.1287 0.0995 0.5536
0.0000 0.0323 0.1943 0.1578 0.1171 0.4985
0.0000 0.0420 0.1800 0.1713 0.1211 0.4856
0.0000 0.0523 0.1630 0.1714 0.1195 0.4937

MOTIF filter11
letter-probability matrix: alength= 6 w= 7 nsites= 52584
0.7332 0.0000 0.0000 0.0000 0.0008 0.2660
0.6309 0.0000 0.0078 0.0008 0.0057 0.3548
0.5449 0.0000 0.0351 0.0064 0.0137 0.3998
0.4729 0.0000 0.0594 0.0148 0.0250 0.4278
0.4117 0.0000 0.0796 0.0252 0.0371 0.4464
0.3593 0.0000 0.0971 0.0370 0.0485 0.4581
0.3144 0.0000 0.1098 0.0483 0.0591 0.4684

