MEME version 4

ALPHABET= ACGU

Background letter frequencies:
A 0.2581 C 0.2225 G 0.2232 U 0.2962

MOTIF filter0
letter-probability matrix: alength= 4 w= 7 nsites= 11104
0.3785 0.3553 0.1215 0.1447
0.1367 0.3110 0.5239 0.0284
0.2758 0.1626 0.2712 0.2904
0.1321 0.5366 0.2974 0.0339
0.3630 0.2603 0.3751 0.0016
0.1746 0.7206 0.0614 0.0435
0.5263 0.2821 0.0586 0.1330

MOTIF filter1
letter-probability matrix: alength= 4 w= 7 nsites= 1843
0.0238 0.4196 0.0005 0.5560
0.9074 0.0011 0.0005 0.0910
0.0579 0.3368 0.0005 0.6048
0.5344 0.0227 0.0005 0.4423
0.0114 0.4180 0.0005 0.5701
0.1862 0.1922 0.0005 0.6210
0.1029 0.2204 0.0005 0.6762

MOTIF filter2
letter-probability matrix: alength= 4 w= 7 nsites= 12100
0.3756 0.0312 0.5253 0.0679
0.0017 0.0920 0.4656 0.4408
0.2325 0.5672 0.2003 0.0001
0.0002 0.3145 0.4024 0.2828
0.4972 0.3842 0.0492 0.0694
0.0680 0.0206 0.4066 0.5049
0.0642 0.1325 0.7627 0.0406

MOTIF filter3
letter-probability matrix: alength= 4 w= 7 nsites= 12881
0.0027 0.7995 0.1104 0.0873
0.2837 0.4183 0.1657 0.1323
0.0581 0.2203 0.6057 0.1159
0.0366 0.0383 0.7640 0.1611
0.0228 0.4523 0.5054 0.0195
0.1299 0.3980 0.4171 0.0550
0.0841 0.5341 0.3577 0.0241

MOTIF filter4
letter-probability matrix: alength= 4 w= 7 nsites= 27009
0.2219 0.0894 0.4013 0.2874
0.0750 0.0857 0.8200 0.0193
0.3084 0.1624 0.2253 0.3039
0.0493 0.0379 0.8690 0.0438
0.2681 0.0824 0.4765 0.1730
0.1121 0.1268 0.6772 0.0839
0.3136 0.1962 0.2722 0.2180

MOTIF filter5
letter-probability matrix: alength= 4 w= 7 nsites= 9655
0.0884 0.1357 0.2983 0.4776
0.0320 0.2806 0.5204 0.1670
0.0281 0.0467 0.8567 0.0685
0.0325 0.5051 0.4297 0.0327
0.1809 0.0299 0.4456 0.3436
0.0094 0.2900 0.5671 0.1335
0.1350 0.1413 0.6534 0.0703

MOTIF filter6
letter-probability matrix: alength= 4 w= 7 nsites= 22891
0.2175 0.1925 0.4539 0.1361
0.3959 0.3016 0.0748 0.2278
0.1921 0.0833 0.5220 0.2026
0.0371 0.0084 0.9375 0.0170
0.1513 0.0494 0.6587 0.1406
0.1358 0.1293 0.6284 0.1066
0.3129 0.2147 0.3458 0.1267

MOTIF filter7
letter-probability matrix: alength= 4 w= 7 nsites= 24465
0.0823 0.0204 0.8801 0.0172
0.0380 0.0337 0.9059 0.0224
0.3159 0.2440 0.2897 0.1504
0.2894 0.1263 0.4502 0.1341
0.1384 0.0945 0.5914 0.1757
0.2405 0.1038 0.5468 0.1090
0.1417 0.1107 0.6241 0.1236

MOTIF filter8
letter-probability matrix: alength= 4 w= 7 nsites= 9023
0.1729 0.0408 0.0001 0.7862
0.0001 0.0667 0.0001 0.9331
0.0147 0.0546 0.0001 0.9305
0.1687 0.0068 0.0255 0.7990
0.0191 0.0104 0.0001 0.9704
0.0090 0.0006 0.0001 0.9904
0.1700 0.0549 0.0435 0.7315

MOTIF filter9
letter-probability matrix: alength= 4 w= 7 nsites= 8484
0.0395 0.0001 0.0163 0.9442
0.0502 0.0386 0.0439 0.8672
0.0311 0.0001 0.0001 0.9687
0.0436 0.0039 0.0285 0.9240
0.0001 0.0720 0.0351 0.8928
0.1308 0.0382 0.0285 0.8025
0.2163 0.0977 0.0515 0.6345

MOTIF filter10
letter-probability matrix: alength= 4 w= 7 nsites= 3841
0.2101 0.4830 0.0003 0.3066
0.2179 0.1956 0.0008 0.5857
0.0003 0.1706 0.0003 0.8289
0.0723 0.0783 0.0003 0.8492
0.3867 0.0003 0.0003 0.6127
0.3243 0.0039 0.0003 0.6715
0.0190 0.0169 0.0003 0.9638

MOTIF filter11
letter-probability matrix: alength= 4 w= 7 nsites= 18978
0.1309 0.0733 0.7589 0.0370
0.4304 0.0822 0.1730 0.3145
0.0227 0.0140 0.9571 0.0063
0.3047 0.0882 0.4174 0.1897
0.2466 0.1533 0.4289 0.1712
0.3582 0.0937 0.2640 0.2841
0.1861 0.1128 0.6296 0.0715

MOTIF filter12
letter-probability matrix: alength= 4 w= 7 nsites= 9678
0.2959 0.1813 0.4926 0.0303
0.1454 0.2737 0.3444 0.2365
0.0209 0.9737 0.0001 0.0054
0.0454 0.7039 0.0261 0.2245
0.6445 0.0825 0.1907 0.0823
0.2058 0.1504 0.4116 0.2322
0.0021 0.2105 0.7844 0.0030

MOTIF filter13
letter-probability matrix: alength= 4 w= 7 nsites= 3745
0.6516 0.3238 0.0243 0.0003
0.0251 0.0373 0.0165 0.9210
0.1022 0.0173 0.8170 0.0635
0.2782 0.4054 0.0315 0.2849
0.0694 0.7149 0.1672 0.0485
0.3406 0.0581 0.0037 0.5975
0.1486 0.2009 0.3142 0.3364

MOTIF filter14
letter-probability matrix: alength= 4 w= 7 nsites= 17301
0.4609 0.1480 0.0443 0.3467
0.0433 0.0407 0.8801 0.0359
0.4719 0.1019 0.1032 0.3230
0.0325 0.0352 0.9113 0.0210
0.3419 0.2978 0.1665 0.1938
0.4116 0.2153 0.0465 0.3267
0.1407 0.0625 0.6505 0.1464

MOTIF filter15
letter-probability matrix: alength= 4 w= 7 nsites= 716
0.0486 0.0014 0.0014 0.9486
0.1000 0.0333 0.0014 0.8653
0.0806 0.1389 0.0014 0.7792
0.1014 0.1319 0.0014 0.7653
0.4375 0.0194 0.0056 0.5375
0.0181 0.0931 0.0014 0.8875
0.0208 0.4375 0.0028 0.5389

