MEME version 4

ALPHABET= ACGU

Background letter frequencies:
A 0.2677 C 0.2186 G 0.2216 U 0.2921

MOTIF filter0
letter-probability matrix: alength= 4 w= 7 nsites= 34091
0.0977 0.0472 0.8059 0.0492
0.4929 0.2118 0.0992 0.1960
0.3760 0.0407 0.2945 0.2888
0.0725 0.0306 0.8400 0.0569
0.2746 0.2165 0.2641 0.2448
0.2812 0.2049 0.2522 0.2617
0.2767 0.1939 0.2703 0.2591

MOTIF filter1
letter-probability matrix: alength= 4 w= 7 nsites= 51315
0.0797 0.0242 0.8719 0.0242
0.0063 0.0147 0.9790 0.0000
0.3343 0.2031 0.2117 0.2509
0.2818 0.1107 0.4270 0.1805
0.2561 0.1985 0.2996 0.2457
0.2520 0.2327 0.2661 0.2492
0.2636 0.2083 0.2748 0.2533

MOTIF filter2
letter-probability matrix: alength= 4 w= 7 nsites= 51923
0.3356 0.2473 0.1894 0.2276
0.4474 0.0193 0.2264 0.3070
0.0766 0.0146 0.8624 0.0465
0.3244 0.1978 0.2972 0.1806
0.2705 0.2072 0.2690 0.2533
0.2668 0.2017 0.2932 0.2383
0.2590 0.2187 0.2628 0.2594

MOTIF filter3
letter-probability matrix: alength= 4 w= 7 nsites= 5719
0.0440 0.7370 0.0002 0.2188
0.0002 0.0096 0.0526 0.9376
0.5169 0.3799 0.0818 0.0215
0.5177 0.2107 0.0052 0.2663
0.3065 0.2036 0.2037 0.2862
0.2845 0.2184 0.1829 0.3142
0.2801 0.2212 0.1760 0.3227

MOTIF filter4
letter-probability matrix: alength= 4 w= 7 nsites= 40071
0.1953 0.2098 0.2597 0.3352
0.0320 0.0368 0.8939 0.0373
0.2488 0.0946 0.4388 0.2177
0.0003 0.0009 0.9984 0.0004
0.2628 0.2302 0.3016 0.2054
0.2368 0.2505 0.2628 0.2499
0.2351 0.2385 0.2774 0.2490

MOTIF filter5
letter-probability matrix: alength= 4 w= 7 nsites= 50802
0.2976 0.1851 0.2714 0.2459
0.3712 0.0309 0.2369 0.3610
0.0839 0.0272 0.8019 0.0869
0.3213 0.2111 0.1651 0.3025
0.2533 0.2111 0.2760 0.2596
0.2589 0.2063 0.2885 0.2463
0.2540 0.2201 0.2666 0.2593

MOTIF filter6
letter-probability matrix: alength= 4 w= 7 nsites= 23403
0.0244 0.6468 0.2367 0.0921
0.0000 0.7664 0.2335 0.0000
0.1753 0.4975 0.0540 0.2732
0.0352 0.5748 0.3880 0.0021
0.2216 0.3242 0.2284 0.2258
0.1938 0.3140 0.2937 0.1984
0.1880 0.3296 0.2778 0.2046

MOTIF filter7
letter-probability matrix: alength= 4 w= 7 nsites= 15169
0.0803 0.1798 0.0001 0.7398
0.3007 0.1953 0.0001 0.5040
0.4547 0.2262 0.0001 0.3191
0.4033 0.5966 0.0001 0.0001
0.3347 0.2232 0.0966 0.3455
0.2888 0.1932 0.1702 0.3477
0.2850 0.2183 0.1639 0.3328

MOTIF filter8
letter-probability matrix: alength= 4 w= 7 nsites= 25210
0.1015 0.0449 0.7890 0.0646
0.0593 0.0347 0.8561 0.0499
0.0174 0.0631 0.9008 0.0188
0.2516 0.3444 0.2204 0.1837
0.2364 0.2460 0.2499 0.2677
0.2238 0.2390 0.2857 0.2515
0.2352 0.2507 0.2986 0.2154

MOTIF filter9
letter-probability matrix: alength= 4 w= 7 nsites= 41549
0.1522 0.2994 0.2054 0.3430
0.2435 0.2617 0.0748 0.4201
0.2312 0.0400 0.1529 0.5759
0.0274 0.0282 0.7748 0.1696
0.2450 0.2054 0.2733 0.2762
0.2748 0.2050 0.2570 0.2631
0.2541 0.2070 0.2435 0.2955

MOTIF filter10
letter-probability matrix: alength= 4 w= 7 nsites= 5011
0.7886 0.0002 0.0002 0.2110
0.0002 0.9994 0.0002 0.0002
0.0939 0.0002 0.1067 0.7992
0.4010 0.4191 0.0249 0.1549
0.3127 0.2305 0.1318 0.3250
0.3161 0.1886 0.1842 0.3111
0.2967 0.2177 0.1679 0.3176

MOTIF filter11
letter-probability matrix: alength= 4 w= 7 nsites= 35153
0.0036 0.0000 0.9749 0.0214
0.3106 0.2139 0.1791 0.2964
0.3399 0.0477 0.1933 0.4191
0.1495 0.0865 0.5323 0.2317
0.2505 0.2199 0.2912 0.2385
0.2579 0.2024 0.2723 0.2674
0.2599 0.1979 0.2988 0.2435

