MEME version 4

ALPHABET= ACGU

Background letter frequencies:
A 0.2658 C 0.2243 G 0.2436 U 0.2663

MOTIF filter0
letter-probability matrix: alength= 4 w= 7 nsites= 15963
0.2501 0.0958 0.2394 0.4147
0.1290 0.0001 0.0026 0.8683
0.2790 0.0001 0.0001 0.7209
0.6788 0.0203 0.1337 0.1672
0.3323 0.1566 0.1936 0.3175
0.3336 0.1573 0.1826 0.3264
0.3105 0.1553 0.1885 0.3458

MOTIF filter1
letter-probability matrix: alength= 4 w= 7 nsites= 8859
0.8170 0.0305 0.0001 0.1524
0.0001 0.1668 0.8330 0.0001
0.6525 0.1361 0.0733 0.1381
0.5799 0.0828 0.0551 0.2822
0.2764 0.1837 0.3578 0.1821
0.3572 0.1928 0.2337 0.2163
0.3260 0.1714 0.2350 0.2676

MOTIF filter2
letter-probability matrix: alength= 4 w= 7 nsites= 2158
0.0005 0.0005 0.9806 0.0185
0.4177 0.0005 0.5814 0.0005
0.3358 0.2609 0.2752 0.1281
0.3145 0.2641 0.2498 0.1716
0.3108 0.2068 0.2410 0.2414
0.2331 0.2646 0.2812 0.2211
0.2599 0.2081 0.2983 0.2336

MOTIF filter3
letter-probability matrix: alength= 4 w= 7 nsites= 38902
0.0601 0.3270 0.3695 0.2434
0.0000 0.4360 0.1493 0.4147
0.0000 0.6337 0.0803 0.2860
0.0000 0.6450 0.0001 0.3549
0.2194 0.3229 0.1571 0.3006
0.2068 0.2887 0.2375 0.2671
0.2072 0.3073 0.2342 0.2513

MOTIF filter4
letter-probability matrix: alength= 4 w= 7 nsites= 19248
0.2108 0.1413 0.5461 0.1019
0.2736 0.0677 0.5627 0.0959
0.1249 0.0530 0.7282 0.0940
0.1217 0.1751 0.5993 0.1039
0.2486 0.2254 0.3220 0.2039
0.2183 0.2164 0.3687 0.1966
0.2415 0.2092 0.3448 0.2045

MOTIF filter5
letter-probability matrix: alength= 4 w= 7 nsites= 3933
0.3109 0.0003 0.4488 0.2400
0.7844 0.0003 0.0003 0.2151
0.0003 0.9992 0.0003 0.0003
0.0003 0.0003 0.9723 0.0272
0.2697 0.1928 0.3073 0.2301
0.2306 0.2362 0.3406 0.1925
0.2753 0.2129 0.3091 0.2027

MOTIF filter6
letter-probability matrix: alength= 4 w= 7 nsites= 14289
0.6483 0.0549 0.0001 0.2968
0.0633 0.1993 0.7132 0.0241
0.2297 0.0134 0.7568 0.0001
0.7979 0.0159 0.0001 0.1862
0.2657 0.1867 0.3653 0.1824
0.3061 0.1997 0.3027 0.1915
0.3246 0.1919 0.2180 0.2654

MOTIF filter7
letter-probability matrix: alength= 4 w= 7 nsites= 14984
0.3181 0.0001 0.6473 0.0346
0.0001 0.0001 0.9998 0.0001
0.0001 0.0169 0.6777 0.3054
0.0449 0.2834 0.5349 0.1368
0.2587 0.2287 0.2820 0.2305
0.2208 0.2370 0.3238 0.2184
0.2361 0.2230 0.3287 0.2121

MOTIF filter8
letter-probability matrix: alength= 4 w= 7 nsites= 15406
0.7247 0.0079 0.0001 0.2674
0.0683 0.1859 0.7064 0.0395
0.5179 0.1679 0.3006 0.0136
0.4530 0.0288 0.1751 0.3430
0.2485 0.1855 0.3722 0.1937
0.3158 0.2065 0.2659 0.2118
0.3090 0.1964 0.2302 0.2644

MOTIF filter9
letter-probability matrix: alength= 4 w= 7 nsites= 11053
0.8308 0.0526 0.1047 0.0118
0.9011 0.0001 0.0694 0.0294
0.0001 0.5164 0.4834 0.0001
0.7509 0.0741 0.0413 0.1337
0.3152 0.1937 0.2552 0.2359
0.2942 0.2055 0.3065 0.1938
0.3404 0.1819 0.2478 0.2299

MOTIF filter10
letter-probability matrix: alength= 4 w= 7 nsites= 6435
0.2395 0.0002 0.6583 0.1020
0.9262 0.0002 0.0735 0.0002
0.0082 0.9568 0.0002 0.0348
0.1958 0.0166 0.3390 0.4485
0.2334 0.2142 0.3109 0.2415
0.2348 0.2549 0.2806 0.2297
0.2749 0.1946 0.3218 0.2087

MOTIF filter11
letter-probability matrix: alength= 4 w= 7 nsites= 39619
0.5504 0.4322 0.0000 0.0174
0.3774 0.4907 0.0113 0.1206
0.3890 0.3233 0.0088 0.2789
0.2418 0.4009 0.0522 0.3051
0.2650 0.2719 0.1826 0.2804
0.2543 0.2676 0.2039 0.2742
0.2609 0.2659 0.2035 0.2696

