MEME version 4

ALPHABET= FTIHMS

Background letter frequencies:
F 0.0511 T 0.0532 I 0.1370 H 0.1396 M 0.1110 S 0.5082

MOTIF filter0
letter-probability matrix: alength= 6 w= 7 nsites= 57792
0.0000 0.0000 0.0000 0.0000 0.9956 0.0044
0.0000 0.0000 0.0000 0.0000 0.8857 0.1142
0.0000 0.0000 0.0044 0.0000 0.7433 0.2523
0.0000 0.0000 0.0166 0.0036 0.6268 0.3529
0.0000 0.0004 0.0301 0.0072 0.5323 0.4299
0.0000 0.0046 0.0452 0.0301 0.4557 0.4645
0.0000 0.0115 0.0616 0.0608 0.3930 0.4731

MOTIF filter1
letter-probability matrix: alength= 6 w= 7 nsites= 163398
0.0000 0.0216 0.3583 0.0000 0.1061 0.5140
0.0000 0.0216 0.2374 0.0000 0.0900 0.6510
0.0000 0.0216 0.0577 0.0000 0.0460 0.8748
0.0000 0.0218 0.0510 0.0000 0.0084 0.9188
0.0000 0.0251 0.0834 0.0438 0.0000 0.8477
0.0000 0.0446 0.1664 0.1052 0.0369 0.6469
0.0000 0.0646 0.1903 0.1566 0.0582 0.5304

MOTIF filter2
letter-probability matrix: alength= 6 w= 7 nsites= 15365
0.0001 0.0010 0.6667 0.0001 0.0001 0.3321
0.0001 0.0073 0.7799 0.0001 0.0001 0.2126
0.0001 0.0267 0.9385 0.0001 0.0001 0.0346
0.0001 0.0273 0.7598 0.0001 0.0001 0.2127
0.0001 0.0300 0.4790 0.0001 0.0001 0.4908
0.0001 0.0312 0.3216 0.0079 0.0007 0.6386
0.0001 0.0369 0.2572 0.0321 0.0052 0.6685

MOTIF filter3
letter-probability matrix: alength= 6 w= 7 nsites= 13839
0.0001 0.7723 0.0060 0.0001 0.0019 0.2197
0.0001 0.8243 0.0001 0.0001 0.0001 0.1754
0.0001 0.9015 0.0001 0.0001 0.0001 0.0982
0.0001 0.9996 0.0001 0.0001 0.0001 0.0001
0.0001 0.9996 0.0001 0.0001 0.0001 0.0001
0.0001 0.9996 0.0001 0.0001 0.0001 0.0001
0.0001 0.9996 0.0001 0.0001 0.0001 0.0001

MOTIF filter4
letter-probability matrix: alength= 6 w= 7 nsites= 50293
0.0000 0.0000 0.4217 0.0000 0.0022 0.5760
0.0000 0.0005 0.4559 0.0000 0.0000 0.5436
0.0000 0.0019 0.4725 0.0000 0.0000 0.5255
0.0000 0.0083 0.6369 0.0419 0.0103 0.3026
0.0000 0.0108 0.2819 0.0593 0.0055 0.6425
0.0000 0.0160 0.2121 0.0765 0.0131 0.6822
0.0000 0.0274 0.2055 0.1073 0.0271 0.6326

MOTIF filter5
letter-probability matrix: alength= 6 w= 7 nsites= 791230
0.0329 0.0129 0.1331 0.1578 0.1296 0.5337
0.0261 0.0165 0.1370 0.1530 0.1259 0.5416
0.0203 0.0214 0.1254 0.1584 0.1281 0.5464
0.0162 0.0273 0.1354 0.1633 0.1310 0.5268
0.0120 0.0343 0.1453 0.1674 0.1359 0.5051
0.0101 0.0415 0.1427 0.1654 0.1317 0.5086
0.0086 0.0504 0.1406 0.1621 0.1285 0.5097

MOTIF filter6
letter-probability matrix: alength= 6 w= 7 nsites= 39051
0.5982 0.0000 0.3902 0.0000 0.0000 0.0116
0.5898 0.0000 0.2991 0.0000 0.0000 0.1110
0.5229 0.0000 0.2514 0.0000 0.0015 0.2241
0.4660 0.0000 0.2080 0.0039 0.0033 0.3188
0.4091 0.0000 0.1283 0.0039 0.0048 0.4538
0.3603 0.0022 0.1226 0.0150 0.0100 0.4899
0.3183 0.0060 0.1294 0.0300 0.0185 0.4978

MOTIF filter7
letter-probability matrix: alength= 6 w= 7 nsites= 95544
0.0000 0.0000 0.1467 0.0000 0.0376 0.8157
0.0000 0.0000 0.0000 0.0000 0.0168 0.9831
0.0000 0.0000 0.0000 0.0000 0.0414 0.9585
0.0000 0.0000 0.0913 0.0150 0.0523 0.8414
0.0000 0.0035 0.0000 0.0324 0.0013 0.9628
0.0000 0.0259 0.1345 0.1029 0.0539 0.6829
0.0000 0.0475 0.1839 0.1599 0.0796 0.5291

MOTIF filter8
letter-probability matrix: alength= 6 w= 7 nsites= 1942
0.0159 0.0005 0.0005 0.0005 0.0241 0.9584
0.0005 0.0005 0.0005 0.0005 0.7094 0.2885
0.0005 0.0005 0.0005 0.0005 0.9322 0.0657
0.0005 0.0005 0.0005 0.0005 0.9974 0.0005
0.0005 0.0005 0.0005 0.0005 0.8912 0.1068
0.0005 0.0005 0.0005 0.0005 0.7223 0.2757
0.0005 0.0005 0.0062 0.0046 0.5893 0.3989

MOTIF filter9
letter-probability matrix: alength= 6 w= 7 nsites= 31920
0.0000 0.0051 0.0647 0.0000 0.0083 0.9218
0.0000 0.0101 0.0041 0.0000 0.0002 0.9856
0.0000 0.0144 0.0600 0.0088 0.0306 0.8861
0.0000 0.0165 0.0209 0.0151 0.0022 0.9452
0.0000 0.0182 0.2223 0.0204 0.0039 0.7352
0.0000 0.0401 0.2449 0.0873 0.0408 0.5869
0.0000 0.0585 0.2249 0.1316 0.0570 0.5278

MOTIF filter10
letter-probability matrix: alength= 6 w= 7 nsites= 17724
0.0001 0.6053 0.0001 0.0001 0.0001 0.3945
0.0001 0.6306 0.1457 0.0001 0.0001 0.2235
0.0001 0.6590 0.3408 0.0001 0.0001 0.0001
0.0001 0.6590 0.3408 0.0001 0.0001 0.0001
0.0001 0.6590 0.3408 0.0001 0.0001 0.0001
0.0001 0.6590 0.2038 0.0001 0.0001 0.1371
0.0001 0.6590 0.1249 0.0001 0.0001 0.2159

MOTIF filter11
letter-probability matrix: alength= 6 w= 7 nsites= 623158
0.0260 0.0010 0.1335 0.0677 0.1073 0.6645
0.0198 0.0060 0.1291 0.0710 0.0946 0.6795
0.0164 0.0122 0.1467 0.1026 0.0966 0.6255
0.0130 0.0182 0.1585 0.1250 0.0949 0.5904
0.0110 0.0271 0.1925 0.1470 0.0839 0.5385
0.0093 0.0361 0.1778 0.1605 0.0907 0.5256
0.0078 0.0466 0.1645 0.1663 0.0930 0.5218

MOTIF filter12
letter-probability matrix: alength= 6 w= 7 nsites= 57956
0.0000 0.2138 0.0000 0.7468 0.0394 0.0000
0.0000 0.2138 0.0000 0.7465 0.0394 0.0003
0.0000 0.2138 0.0000 0.7030 0.0394 0.0438
0.0000 0.2141 0.0000 0.5807 0.0203 0.1849
0.0000 0.2143 0.0000 0.4404 0.0044 0.3409
0.0000 0.2149 0.0212 0.3374 0.0102 0.4163
0.0000 0.2173 0.0623 0.2710 0.0212 0.4283

MOTIF filter13
letter-probability matrix: alength= 6 w= 7 nsites= 15651
0.0001 0.0001 0.0001 0.0001 0.0005 0.9992
0.0001 0.0001 0.0228 0.0001 0.0001 0.9769
0.0001 0.0224 0.3050 0.0001 0.0001 0.6724
0.0001 0.0429 0.7359 0.0001 0.0001 0.2210
0.0001 0.0703 0.9295 0.0001 0.0001 0.0001
0.0001 0.0703 0.5511 0.0001 0.0001 0.3784
0.0001 0.0703 0.3309 0.0001 0.0001 0.5986

MOTIF filter14
letter-probability matrix: alength= 6 w= 7 nsites= 78171
0.2578 0.0000 0.0769 0.0000 0.6619 0.0034
0.2578 0.0000 0.0748 0.0000 0.6631 0.0043
0.2574 0.0000 0.0381 0.0000 0.5942 0.1102
0.2574 0.0004 0.0146 0.0000 0.5043 0.2233
0.2330 0.0031 0.0067 0.0000 0.4327 0.3245
0.2046 0.0047 0.0216 0.0104 0.3681 0.3905
0.1802 0.0089 0.0390 0.0280 0.3164 0.4276

MOTIF filter15
letter-probability matrix: alength= 6 w= 7 nsites= 13477
0.0001 0.0001 0.4492 0.0348 0.0135 0.5024
0.0001 0.0001 0.4741 0.1322 0.0171 0.3765
0.0001 0.0001 0.6220 0.2292 0.0320 0.1167
0.0001 0.0001 0.7121 0.2292 0.0585 0.0001
0.0001 0.0001 0.7053 0.2292 0.0585 0.0068
0.0001 0.0001 0.4610 0.1824 0.0462 0.3103
0.0001 0.0001 0.3099 0.1213 0.0362 0.5324

