MEME version 4

ALPHABET= FTIHMS

Background letter frequencies:
F 0.0505 T 0.0530 I 0.1390 H 0.1376 M 0.1082 S 0.5117

MOTIF filter0
letter-probability matrix: alength= 6 w= 7 nsites= 46913
0.7669 0.0000 0.0000 0.0285 0.0017 0.2029
0.6749 0.0000 0.0095 0.0292 0.0025 0.2838
0.5829 0.0000 0.0270 0.0314 0.0066 0.3521
0.5057 0.0000 0.0471 0.0306 0.0149 0.4018
0.4410 0.0000 0.0669 0.0292 0.0256 0.4374
0.3862 0.0002 0.0848 0.0324 0.0424 0.4540
0.3390 0.0009 0.0994 0.0393 0.0600 0.4614

MOTIF filter1
letter-probability matrix: alength= 6 w= 7 nsites= 127003
0.0000 0.0230 0.0000 0.1921 0.0241 0.7608
0.0000 0.0230 0.0015 0.1243 0.0109 0.8403
0.0000 0.0318 0.1225 0.1368 0.0585 0.6503
0.0000 0.0411 0.1700 0.1468 0.0872 0.5549
0.0000 0.0492 0.1749 0.1567 0.1029 0.5163
0.0000 0.0585 0.1693 0.1565 0.1117 0.5040
0.0000 0.0685 0.1605 0.1539 0.1156 0.5014

MOTIF filter2
letter-probability matrix: alength= 6 w= 7 nsites= 19087
0.0001 0.0332 0.0001 0.5913 0.2174 0.1581
0.0001 0.0332 0.0001 0.5913 0.3754 0.0001
0.0001 0.0332 0.0001 0.5321 0.2967 0.1380
0.0001 0.0332 0.0001 0.4255 0.2323 0.3090
0.0001 0.0334 0.0486 0.2946 0.1839 0.4395
0.0001 0.0344 0.0931 0.2131 0.1490 0.5104
0.0001 0.0371 0.1567 0.1666 0.1237 0.5159

MOTIF filter3
letter-probability matrix: alength= 6 w= 7 nsites= 655
0.0015 0.0015 0.0015 0.1997 0.0015 0.7943
0.0015 0.0030 0.0015 0.1997 0.0015 0.7927
0.0015 0.0136 0.1225 0.2920 0.0182 0.5522
0.0015 0.0242 0.1528 0.3631 0.0197 0.4387
0.0015 0.0333 0.1513 0.3253 0.0363 0.4523
0.0015 0.0408 0.1513 0.3056 0.0408 0.4599
0.0015 0.0590 0.1256 0.2632 0.1014 0.4493

MOTIF filter4
letter-probability matrix: alength= 6 w= 7 nsites= 206900
0.0000 0.0000 0.0000 0.4799 0.0000 0.5201
0.0000 0.0000 0.1914 0.5559 0.0000 0.2527
0.0000 0.0030 0.1502 0.4823 0.0199 0.3446
0.0000 0.0058 0.1189 0.4008 0.0321 0.4425
0.0000 0.0093 0.1144 0.3206 0.0434 0.5123
0.0000 0.0142 0.1197 0.2527 0.0579 0.5555
0.0000 0.0218 0.1285 0.2024 0.0745 0.5728

MOTIF filter5
letter-probability matrix: alength= 6 w= 7 nsites= 395166
0.1002 0.0088 0.1308 0.0450 0.0916 0.6237
0.0907 0.0165 0.1757 0.0723 0.1101 0.5347
0.0776 0.0221 0.1771 0.0951 0.1150 0.5131
0.0668 0.0281 0.1653 0.1152 0.1142 0.5103
0.0579 0.0341 0.1558 0.1326 0.1118 0.5078
0.0503 0.0412 0.1505 0.1420 0.1083 0.5077
0.0441 0.0497 0.1469 0.1485 0.1045 0.5062

MOTIF filter6
letter-probability matrix: alength= 6 w= 7 nsites= 83393
0.0000 0.0000 0.8601 0.0000 0.0019 0.1380
0.0000 0.0000 0.5226 0.0000 0.0000 0.4773
0.0000 0.0005 0.3402 0.0055 0.0019 0.6519
0.0000 0.0040 0.2688 0.0271 0.0123 0.6878
0.0000 0.0109 0.2416 0.0586 0.0268 0.6620
0.0000 0.0214 0.2267 0.0922 0.0417 0.6180
0.0000 0.0347 0.2128 0.1211 0.0546 0.5767

MOTIF filter7
letter-probability matrix: alength= 6 w= 7 nsites= 4972
0.0002 0.0002 0.0002 0.9074 0.0562 0.0358
0.0002 0.0002 0.0002 0.9429 0.0348 0.0217
0.0002 0.0002 0.0002 0.9419 0.0257 0.0317
0.0002 0.0002 0.0020 0.8799 0.0211 0.0966
0.0002 0.0002 0.0046 0.6223 0.0179 0.3548
0.0002 0.0002 0.0056 0.4417 0.0187 0.5335
0.0002 0.0002 0.0259 0.3238 0.0313 0.6185

MOTIF filter8
letter-probability matrix: alength= 6 w= 7 nsites= 706533
0.0343 0.0200 0.1096 0.1701 0.0477 0.6183
0.0276 0.0240 0.1539 0.1882 0.0536 0.5527
0.0230 0.0290 0.1628 0.1841 0.0699 0.5313
0.0193 0.0345 0.1598 0.1790 0.0805 0.5270
0.0163 0.0408 0.1562 0.1725 0.0874 0.5269
0.0138 0.0482 0.1530 0.1657 0.0927 0.5266
0.0118 0.0573 0.1509 0.1594 0.0969 0.5237

MOTIF filter9
letter-probability matrix: alength= 6 w= 7 nsites= 135966
0.2646 0.0000 0.0000 0.5456 0.0000 0.1897
0.2329 0.0000 0.0000 0.3886 0.0005 0.3781
0.2011 0.0002 0.0233 0.2846 0.0070 0.4838
0.1745 0.0012 0.0586 0.2112 0.0238 0.5307
0.1522 0.0036 0.0910 0.1607 0.0485 0.5440
0.1333 0.0072 0.1141 0.1244 0.0741 0.5469
0.1170 0.0123 0.1283 0.1025 0.0960 0.5439

MOTIF filter10
letter-probability matrix: alength= 6 w= 7 nsites= 51480
0.0000 0.2289 0.0000 0.0000 0.7711 0.0000
0.0000 0.2289 0.0000 0.0000 0.7711 0.0000
0.0000 0.2289 0.0000 0.0000 0.6449 0.1262
0.0000 0.2289 0.0000 0.0000 0.5409 0.2302
0.0000 0.2292 0.0082 0.0043 0.4550 0.3033
0.0000 0.2313 0.0221 0.0170 0.3851 0.3444
0.0000 0.2361 0.0368 0.0376 0.3286 0.3610

MOTIF filter11
letter-probability matrix: alength= 6 w= 7 nsites= 43385
0.0000 0.0000 0.9999 0.0000 0.0000 0.0000
0.0000 0.0000 0.0000 0.0000 0.0000 0.9999
0.0000 0.0000 0.0000 0.0000 0.0000 0.9999
0.0000 0.0079 0.1289 0.0529 0.0281 0.7821
0.0000 0.0218 0.1843 0.1062 0.0577 0.6299
0.0000 0.0373 0.1984 0.1491 0.0769 0.5382
0.0000 0.0526 0.1860 0.1762 0.0855 0.4997

