MEME version 4

ALPHABET= FTIHMS

Background letter frequencies:
F 0.0490 T 0.0512 I 0.1392 H 0.1381 M 0.1095 S 0.5130

MOTIF filter0
letter-probability matrix: alength= 6 w= 7 nsites= 87529
0.3938 0.1066 0.0103 0.0000 0.4356 0.0537
0.3453 0.1066 0.0117 0.0000 0.3620 0.1744
0.2968 0.1066 0.0089 0.0004 0.3018 0.2855
0.2567 0.1069 0.0208 0.0054 0.2544 0.3558
0.2233 0.1081 0.0395 0.0165 0.2187 0.3938
0.1954 0.1105 0.0580 0.0338 0.1919 0.4104
0.1717 0.1143 0.0727 0.0538 0.1716 0.4158

MOTIF filter1
letter-probability matrix: alength= 6 w= 7 nsites= 35750
0.0000 0.0084 0.0637 0.0000 0.8836 0.0443
0.0000 0.0109 0.1019 0.0000 0.8871 0.0000
0.0000 0.0109 0.0473 0.0000 0.7378 0.2040
0.0000 0.0109 0.0232 0.0000 0.6146 0.3513
0.0000 0.0121 0.0270 0.0118 0.5144 0.4346
0.0000 0.0161 0.0453 0.0354 0.4329 0.4702
0.0000 0.0239 0.0622 0.0673 0.3685 0.4781

MOTIF filter2
letter-probability matrix: alength= 6 w= 7 nsites= 9685
0.0001 0.9971 0.0001 0.0001 0.0001 0.0025
0.0001 0.9995 0.0001 0.0001 0.0001 0.0001
0.0001 0.9995 0.0001 0.0001 0.0001 0.0001
0.0001 0.9995 0.0001 0.0001 0.0001 0.0001
0.0001 0.9995 0.0001 0.0001 0.0001 0.0001
0.0001 0.9995 0.0001 0.0001 0.0001 0.0001
0.0001 0.9995 0.0001 0.0001 0.0001 0.0001

MOTIF filter3
letter-probability matrix: alength= 6 w= 7 nsites= 104240
0.2827 0.0000 0.0000 0.0000 0.5294 0.1878
0.2491 0.0003 0.0107 0.0003 0.4508 0.2889
0.2154 0.0006 0.0212 0.0063 0.3723 0.3842
0.1874 0.0019 0.0388 0.0194 0.3130 0.4396
0.1639 0.0046 0.0582 0.0404 0.2676 0.4652
0.1440 0.0089 0.0757 0.0661 0.2321 0.4731
0.1273 0.0146 0.0897 0.0920 0.2046 0.4717

MOTIF filter4
letter-probability matrix: alength= 6 w= 7 nsites= 233405
0.0000 0.0000 0.0000 0.0000 0.0000 1.0000
0.0000 0.0017 0.1600 0.0110 0.0415 0.7858
0.0000 0.0110 0.2222 0.0612 0.0841 0.6216
0.0000 0.0195 0.2228 0.0979 0.1061 0.5537
0.0000 0.0276 0.2053 0.1270 0.1146 0.5255
0.0000 0.0365 0.1864 0.1474 0.1155 0.5141
0.0000 0.0469 0.1715 0.1563 0.1131 0.5122

MOTIF filter5
letter-probability matrix: alength= 6 w= 7 nsites= 105482
0.0000 0.0000 0.0000 0.8535 0.0000 0.1465
0.0000 0.0000 0.0000 0.6855 0.0000 0.3144
0.0000 0.0002 0.0185 0.4901 0.0061 0.4852
0.0000 0.0011 0.0492 0.3557 0.0230 0.5711
0.0000 0.0036 0.0893 0.2605 0.0519 0.5948
0.0000 0.0083 0.1202 0.1945 0.0828 0.5941
0.0000 0.0156 0.1401 0.1461 0.1110 0.5872

MOTIF filter6
letter-probability matrix: alength= 6 w= 7 nsites= 16565
0.0001 0.0001 0.1647 0.5389 0.0001 0.2962
0.0001 0.0001 0.0001 0.5245 0.0001 0.4753
0.0001 0.0027 0.0425 0.4326 0.0098 0.5123
0.0001 0.0078 0.0890 0.3192 0.0253 0.5587
0.0001 0.0160 0.1472 0.2448 0.0600 0.5320
0.0001 0.0223 0.1571 0.2004 0.0778 0.5423
0.0001 0.0324 0.1902 0.1643 0.1107 0.5024

MOTIF filter7
letter-probability matrix: alength= 6 w= 7 nsites= 218
0.0045 0.9777 0.0045 0.0045 0.0045 0.0045
0.0045 0.9777 0.0045 0.0045 0.0045 0.0045
0.0045 0.9777 0.0045 0.0045 0.0045 0.0045
0.0045 0.9777 0.0045 0.0045 0.0045 0.0045
0.0045 0.9777 0.0045 0.0045 0.0045 0.0045
0.0045 0.9777 0.0045 0.0045 0.0045 0.0045
0.0045 0.9777 0.0045 0.0045 0.0045 0.0045

MOTIF filter8
letter-probability matrix: alength= 6 w= 7 nsites= 77133
0.2983 0.0018 0.0000 0.0000 0.5477 0.1522
0.2528 0.0018 0.0000 0.0000 0.4559 0.2895
0.2211 0.0022 0.0117 0.0055 0.3780 0.3816
0.1942 0.0036 0.0332 0.0189 0.3170 0.4331
0.1716 0.0064 0.0544 0.0409 0.2703 0.4564
0.1526 0.0107 0.0721 0.0675 0.2345 0.4626
0.1363 0.0167 0.0850 0.0937 0.2066 0.4616

MOTIF filter9
letter-probability matrix: alength= 6 w= 7 nsites= 36028
0.6222 0.0004 0.0553 0.0957 0.0000 0.2264
0.5411 0.0005 0.0647 0.0954 0.0050 0.2933
0.4732 0.0022 0.0643 0.0738 0.0128 0.3736
0.4158 0.0042 0.0730 0.0647 0.0213 0.4210
0.3674 0.0065 0.1030 0.0572 0.0323 0.4336
0.3267 0.0091 0.1121 0.0563 0.0419 0.4539
0.2918 0.0117 0.1212 0.0556 0.0536 0.4661

MOTIF filter10
letter-probability matrix: alength= 6 w= 7 nsites= 55733
0.0000 0.0004 0.0259 0.4921 0.0156 0.4659
0.0000 0.0024 0.1397 0.5012 0.0635 0.2932
0.0000 0.0036 0.1204 0.3768 0.0763 0.4228
0.0000 0.0061 0.1037 0.2848 0.0894 0.5161
0.0000 0.0094 0.1084 0.2266 0.0982 0.5573
0.0000 0.0136 0.1231 0.1799 0.1079 0.5754
0.0000 0.0205 0.1361 0.1488 0.1223 0.5722

MOTIF filter11
letter-probability matrix: alength= 6 w= 7 nsites= 93289
0.3096 0.0013 0.0232 0.0787 0.3702 0.2170
0.2783 0.0022 0.0607 0.1054 0.3861 0.1673
0.2407 0.0037 0.0459 0.1116 0.3211 0.2771
0.2094 0.0051 0.0423 0.1076 0.2692 0.3665
0.1831 0.0071 0.0498 0.0995 0.2336 0.4268
0.1610 0.0104 0.0635 0.0965 0.2086 0.4601
0.1423 0.0161 0.0762 0.1005 0.1941 0.4709

