MEME version 4

ALPHABET= ACGU

Background letter frequencies:
A 0.2735 C 0.2213 G 0.2100 U 0.2953

MOTIF filter0
letter-probability matrix: alength= 4 w= 7 nsites= 2378
0.7372 0.1377 0.0063 0.1188
0.0042 0.6537 0.0017 0.3405
0.0474 0.0004 0.0004 0.9517
0.9971 0.0013 0.0004 0.0013
0.8388 0.1604 0.0004 0.0004
0.0168 0.7813 0.0004 0.2015
0.3270 0.4824 0.0155 0.1751

MOTIF filter1
letter-probability matrix: alength= 4 w= 7 nsites= 11782
0.4288 0.2114 0.2361 0.1236
0.4203 0.0401 0.5358 0.0037
0.1030 0.0154 0.7801 0.1016
0.1936 0.0448 0.7527 0.0089
0.1647 0.3296 0.5029 0.0028
0.6136 0.1958 0.1714 0.0192
0.2919 0.1361 0.4801 0.0920

MOTIF filter2
letter-probability matrix: alength= 4 w= 7 nsites= 23191
0.0811 0.0880 0.6606 0.1702
0.2376 0.1008 0.2920 0.3695
0.0001 0.0034 0.9789 0.0176
0.1780 0.2055 0.3412 0.2754
0.2434 0.1521 0.3346 0.2699
0.0490 0.0647 0.7313 0.1550
0.1512 0.2260 0.4472 0.1755

MOTIF filter3
letter-probability matrix: alength= 4 w= 7 nsites= 26114
0.3517 0.0961 0.0827 0.4695
0.0009 0.0494 0.9022 0.0476
0.2364 0.3718 0.2527 0.1391
0.4210 0.0806 0.0376 0.4609
0.0147 0.0006 0.9733 0.0114
0.1809 0.1306 0.4405 0.2479
0.1644 0.1938 0.4349 0.2068

MOTIF filter4
letter-probability matrix: alength= 4 w= 7 nsites= 18359
0.0209 0.1488 0.8123 0.0180
0.3543 0.3300 0.3138 0.0019
0.1314 0.1439 0.3826 0.3422
0.1306 0.0400 0.7881 0.0413
0.0052 0.3612 0.5627 0.0709
0.2705 0.4921 0.2307 0.0067
0.3540 0.1514 0.4384 0.0563

MOTIF filter5
letter-probability matrix: alength= 4 w= 7 nsites= 13190
0.0675 0.0127 0.8597 0.0600
0.2171 0.0308 0.1446 0.6075
0.0074 0.0041 0.9691 0.0195
0.2589 0.2010 0.1175 0.4226
0.1542 0.0841 0.5792 0.1825
0.1828 0.0689 0.5428 0.2055
0.1216 0.1035 0.5316 0.2432

MOTIF filter6
letter-probability matrix: alength= 4 w= 7 nsites= 7481
0.5359 0.0711 0.3303 0.0628
0.0208 0.3393 0.4923 0.1475
0.1987 0.3642 0.4370 0.0001
0.0767 0.1377 0.7825 0.0031
0.3940 0.0032 0.5552 0.0476
0.1528 0.2925 0.3862 0.1685
0.1121 0.2357 0.6493 0.0029

MOTIF filter7
letter-probability matrix: alength= 4 w= 7 nsites= 27062
0.0233 0.1130 0.8470 0.0167
0.2905 0.1669 0.3205 0.2222
0.2606 0.0583 0.4262 0.2549
0.0193 0.0206 0.8679 0.0922
0.0841 0.1291 0.6771 0.1097
0.1908 0.2158 0.2990 0.2944
0.0957 0.1540 0.6695 0.0808

MOTIF filter8
letter-probability matrix: alength= 4 w= 7 nsites= 16231
0.0596 0.1823 0.6502 0.1079
0.1497 0.2597 0.5518 0.0388
0.0535 0.1683 0.7303 0.0478
0.0662 0.2639 0.6645 0.0054
0.2449 0.2767 0.3439 0.1344
0.2004 0.2530 0.5351 0.0115
0.0945 0.0615 0.7782 0.0658

MOTIF filter9
letter-probability matrix: alength= 4 w= 7 nsites= 5249
0.3872 0.0478 0.2214 0.3436
0.0002 0.2448 0.2412 0.5138
0.1458 0.0965 0.7575 0.0002
0.6589 0.0196 0.1799 0.1416
0.2420 0.0002 0.7472 0.0107
0.0327 0.0301 0.8631 0.0741
0.5079 0.1268 0.3097 0.0556

MOTIF filter10
letter-probability matrix: alength= 4 w= 7 nsites= 1980
0.0005 0.9940 0.0005 0.0050
0.5055 0.4304 0.0015 0.0625
0.2157 0.2863 0.0655 0.4325
0.3085 0.2238 0.1734 0.2944
0.3417 0.1618 0.0590 0.4375
0.3936 0.1734 0.1356 0.2974
0.4466 0.1840 0.0418 0.3276

MOTIF filter11
letter-probability matrix: alength= 4 w= 7 nsites= 2071
0.2728 0.2781 0.1027 0.3465
0.4940 0.2043 0.0482 0.2535
0.0005 0.6178 0.0005 0.3812
0.0005 0.0005 0.0005 0.9986
0.9889 0.0005 0.0005 0.0101
0.9986 0.0005 0.0005 0.0005
0.0005 0.9402 0.0005 0.0588

MOTIF filter12
letter-probability matrix: alength= 4 w= 7 nsites= 1640
0.0006 0.0024 0.0006 0.9964
0.9690 0.0006 0.0006 0.0298
0.9982 0.0006 0.0006 0.0006
0.0085 0.8127 0.0018 0.1770
0.5426 0.3200 0.0055 0.1320
0.2530 0.3242 0.0839 0.3388
0.3248 0.2470 0.1156 0.3127

MOTIF filter13
letter-probability matrix: alength= 4 w= 7 nsites= 21069
0.1577 0.0000 0.7529 0.0894
0.2324 0.0165 0.5987 0.1524
0.0705 0.0091 0.9204 0.0000
0.5152 0.0596 0.3316 0.0937
0.4352 0.0122 0.3941 0.1585
0.2388 0.0559 0.4963 0.2089
0.3338 0.0914 0.3666 0.2081

MOTIF filter14
letter-probability matrix: alength= 4 w= 7 nsites= 29199
0.3397 0.2527 0.1413 0.2663
0.2739 0.0970 0.1982 0.4309
0.0066 0.0105 0.9696 0.0133
0.1977 0.1738 0.3544 0.2741
0.1586 0.1676 0.4654 0.2084
0.1906 0.1648 0.4759 0.1687
0.2092 0.2267 0.2854 0.2787

MOTIF filter15
letter-probability matrix: alength= 4 w= 7 nsites= 3502
0.9863 0.0003 0.0006 0.0128
0.9578 0.0416 0.0003 0.0003
0.0031 0.6720 0.0006 0.3243
0.4196 0.2653 0.0610 0.2541
0.4718 0.2076 0.0995 0.2210
0.2750 0.2955 0.0904 0.3391
0.2613 0.4025 0.0234 0.3129

