MEME version 4

ALPHABET= ACGU

Background letter frequencies:
A 0.2466 C 0.2186 G 0.2435 U 0.2913

MOTIF filter0
letter-probability matrix: alength= 4 w= 7 nsites= 14764
0.1316 0.1492 0.6282 0.0909
0.0093 0.0109 0.0347 0.9452
0.0506 0.0764 0.8235 0.0495
0.0695 0.0726 0.0600 0.7979
0.0836 0.0771 0.6928 0.1465
0.0709 0.0737 0.1474 0.7080
0.0909 0.1006 0.6187 0.1898

MOTIF filter1
letter-probability matrix: alength= 4 w= 7 nsites= 13554
0.0963 0.0357 0.0156 0.8523
0.1761 0.0611 0.5170 0.2457
0.0001 0.0001 0.0001 0.9998
0.0001 0.0105 0.6280 0.3613
0.0001 0.0003 0.0122 0.9875
0.0245 0.0885 0.5415 0.3455
0.1013 0.1123 0.0302 0.7561

MOTIF filter2
letter-probability matrix: alength= 4 w= 7 nsites= 12121
0.4402 0.1223 0.1302 0.3073
0.7173 0.0473 0.1371 0.0984
0.7320 0.0055 0.2603 0.0022
0.3572 0.0113 0.3216 0.3099
0.7057 0.1828 0.0005 0.1109
0.6235 0.1708 0.0630 0.1427
0.9499 0.0154 0.0148 0.0199

MOTIF filter3
letter-probability matrix: alength= 4 w= 7 nsites= 11439
0.2238 0.1914 0.5780 0.0068
0.0834 0.0367 0.8720 0.0080
0.0932 0.2374 0.6458 0.0236
0.0980 0.3697 0.5089 0.0235
0.2495 0.2239 0.5146 0.0120
0.2288 0.1036 0.6627 0.0050
0.0267 0.2462 0.7104 0.0168

MOTIF filter4
letter-probability matrix: alength= 4 w= 7 nsites= 11066
0.4097 0.2722 0.2937 0.0245
0.5904 0.2057 0.1716 0.0322
0.1720 0.0369 0.7313 0.0599
0.5394 0.1755 0.2832 0.0019
0.0497 0.2659 0.5288 0.1556
0.5526 0.3370 0.0868 0.0236
0.2883 0.1445 0.5427 0.0245

MOTIF filter5
letter-probability matrix: alength= 4 w= 7 nsites= 10490
0.0001 0.0001 0.9997 0.0001
0.1721 0.0840 0.0001 0.7438
0.1896 0.0228 0.7875 0.0001
0.0195 0.0009 0.0001 0.9795
0.0001 0.0303 0.9695 0.0001
0.1122 0.0399 0.0278 0.8201
0.1160 0.0417 0.7508 0.0915

MOTIF filter6
letter-probability matrix: alength= 4 w= 7 nsites= 8653
0.1730 0.0320 0.7734 0.0216
0.0051 0.0288 0.0001 0.9660
0.0001 0.0001 0.9997 0.0001
0.1118 0.0670 0.0225 0.7987
0.2157 0.0348 0.7295 0.0201
0.0111 0.0198 0.0001 0.9690
0.0129 0.0089 0.9361 0.0420

MOTIF filter7
letter-probability matrix: alength= 4 w= 7 nsites= 14888
0.1702 0.5575 0.2062 0.0660
0.3458 0.5657 0.0570 0.0315
0.4370 0.2885 0.2482 0.0263
0.3630 0.1465 0.4846 0.0059
0.1045 0.0230 0.8478 0.0247
0.0135 0.7126 0.2358 0.0381
0.1573 0.6346 0.0098 0.1983

MOTIF filter8
letter-probability matrix: alength= 4 w= 7 nsites= 7204
0.0050 0.4526 0.3439 0.1985
0.1945 0.4983 0.2463 0.0609
0.2231 0.3658 0.3933 0.0178
0.1131 0.0293 0.3876 0.4700
0.4580 0.0017 0.4635 0.0769
0.4261 0.0001 0.5737 0.0001
0.0011 0.2138 0.7848 0.0003

MOTIF filter9
letter-probability matrix: alength= 4 w= 7 nsites= 6734
0.2201 0.0012 0.7753 0.0034
0.0062 0.0061 0.0001 0.9875
0.0001 0.0001 0.9996 0.0001
0.1490 0.0640 0.0466 0.7404
0.2061 0.0335 0.7179 0.0424
0.0150 0.0056 0.0085 0.9709
0.0220 0.0114 0.9426 0.0240

MOTIF filter10
letter-probability matrix: alength= 4 w= 7 nsites= 11662
0.0067 0.1825 0.0011 0.8097
0.2418 0.0988 0.0006 0.6588
0.0986 0.0682 0.0181 0.8151
0.0153 0.0443 0.0239 0.9164
0.0358 0.0137 0.0021 0.9484
0.1793 0.0609 0.0001 0.7597
0.1175 0.2203 0.0561 0.6060

MOTIF filter11
letter-probability matrix: alength= 4 w= 7 nsites= 9470
0.2140 0.0175 0.7270 0.0415
0.0008 0.0472 0.0001 0.9519
0.0159 0.0005 0.9834 0.0001
0.1168 0.0815 0.0359 0.7658
0.2252 0.0316 0.6915 0.0517
0.0171 0.0304 0.0278 0.9247
0.0220 0.0080 0.9118 0.0583

MOTIF filter12
letter-probability matrix: alength= 4 w= 7 nsites= 9044
0.1333 0.7057 0.0630 0.0980
0.0603 0.7535 0.1201 0.0660
0.5182 0.2559 0.1352 0.0907
0.0765 0.3311 0.5253 0.0671
0.0848 0.6743 0.2157 0.0252
0.0933 0.8429 0.0343 0.0295
0.3421 0.3690 0.1154 0.1735

MOTIF filter13
letter-probability matrix: alength= 4 w= 7 nsites= 10965
0.1793 0.0273 0.0019 0.7915
0.2036 0.0014 0.7853 0.0098
0.0001 0.0291 0.0001 0.9707
0.0001 0.0001 0.9997 0.0001
0.1305 0.1089 0.0858 0.6748
0.2119 0.0724 0.5654 0.1503
0.0610 0.0713 0.1235 0.7442

MOTIF filter14
letter-probability matrix: alength= 4 w= 7 nsites= 45128
0.3926 0.3126 0.2617 0.0332
0.3274 0.2540 0.2550 0.1636
0.3659 0.1875 0.4244 0.0222
0.0323 0.2940 0.6256 0.0480
0.1850 0.4431 0.1842 0.1878
0.4522 0.1588 0.3510 0.0380
0.4117 0.0472 0.5353 0.0057

MOTIF filter15
letter-probability matrix: alength= 4 w= 7 nsites= 10973
0.2973 0.2808 0.0637 0.3583
0.4328 0.1753 0.1254 0.2665
0.2735 0.5005 0.2136 0.0124
0.2044 0.2860 0.3035 0.2061
0.1274 0.7397 0.0965 0.0364
0.2508 0.5850 0.0305 0.1336
0.4179 0.5085 0.0527 0.0209

