MEME version 4

ALPHABET= ACGU

Background letter frequencies:
A 0.2659 C 0.2152 G 0.2263 U 0.2926

MOTIF filter0
letter-probability matrix: alength= 4 w= 7 nsites= 10922
0.0992 0.2414 0.0080 0.6514
0.2267 0.0005 0.0001 0.7727
0.0260 0.0010 0.0526 0.9204
0.4541 0.2381 0.0005 0.3072
0.1021 0.0934 0.0449 0.7596
0.0500 0.0300 0.0349 0.8851
0.2749 0.0166 0.0024 0.7061

MOTIF filter1
letter-probability matrix: alength= 4 w= 7 nsites= 13001
0.4711 0.2611 0.2537 0.0141
0.4703 0.0209 0.3451 0.1637
0.4654 0.1477 0.3664 0.0205
0.2256 0.1809 0.3110 0.2824
0.8395 0.0094 0.1422 0.0089
0.7604 0.1864 0.0250 0.0282
0.6976 0.0385 0.2258 0.0381

MOTIF filter2
letter-probability matrix: alength= 4 w= 7 nsites= 5432
0.0048 0.1492 0.0749 0.7712
0.1490 0.0002 0.0442 0.8067
0.3937 0.0007 0.2824 0.3232
0.5635 0.1161 0.0079 0.3125
0.3070 0.2780 0.0469 0.3681
0.0009 0.1336 0.0191 0.8464
0.0017 0.0002 0.0815 0.9167

MOTIF filter3
letter-probability matrix: alength= 4 w= 7 nsites= 21629
0.0560 0.0000 0.1816 0.7623
0.0000 0.0282 0.2192 0.7526
0.0000 0.2107 0.2492 0.5401
0.0508 0.4295 0.0002 0.5195
0.1023 0.1555 0.2224 0.5197
0.0005 0.2594 0.1029 0.6372
0.0019 0.3124 0.1626 0.5231

MOTIF filter4
letter-probability matrix: alength= 4 w= 7 nsites= 15746
0.0336 0.1214 0.7634 0.0816
0.0529 0.3039 0.4713 0.1719
0.0415 0.3878 0.3561 0.2145
0.0970 0.3997 0.4317 0.0716
0.0012 0.2287 0.7040 0.0661
0.0356 0.2627 0.5536 0.1481
0.0777 0.3380 0.5109 0.0735

MOTIF filter5
letter-probability matrix: alength= 4 w= 7 nsites= 11605
0.1837 0.1300 0.0065 0.6798
0.1729 0.0816 0.0367 0.7088
0.0801 0.0874 0.1522 0.6802
0.0256 0.1041 0.0060 0.8643
0.0581 0.0161 0.0759 0.8499
0.0221 0.0059 0.1658 0.8062
0.2569 0.0393 0.0218 0.6821

MOTIF filter6
letter-probability matrix: alength= 4 w= 7 nsites= 9584
0.3589 0.1031 0.5020 0.0360
0.7670 0.0300 0.1716 0.0314
0.4960 0.3241 0.1749 0.0050
0.4231 0.0460 0.1210 0.4099
0.6987 0.0066 0.2909 0.0039
0.8215 0.0691 0.1068 0.0025
0.5033 0.0089 0.3124 0.1754

MOTIF filter7
letter-probability matrix: alength= 4 w= 7 nsites= 9382
0.0866 0.6231 0.0190 0.2714
0.0396 0.7219 0.0809 0.1576
0.0845 0.4859 0.1466 0.2830
0.1011 0.6084 0.0835 0.2070
0.0859 0.6382 0.0801 0.1958
0.0225 0.7587 0.0639 0.1549
0.1420 0.5971 0.0527 0.2082

MOTIF filter8
letter-probability matrix: alength= 4 w= 7 nsites= 2653
0.0120 0.0896 0.7072 0.1912
0.0158 0.0399 0.0113 0.9330
0.3387 0.0538 0.3572 0.2503
0.5781 0.2221 0.1287 0.0711
0.4848 0.3000 0.0448 0.1705
0.1321 0.2224 0.2450 0.4005
0.1528 0.0881 0.1152 0.6440

MOTIF filter9
letter-probability matrix: alength= 4 w= 7 nsites= 11161
0.0514 0.5988 0.2731 0.0767
0.0785 0.6217 0.1131 0.1867
0.0178 0.9556 0.0222 0.0044
0.1590 0.6528 0.0972 0.0910
0.0401 0.9208 0.0295 0.0096
0.2366 0.5411 0.1285 0.0938
0.2404 0.4566 0.1893 0.1137

MOTIF filter10
letter-probability matrix: alength= 4 w= 7 nsites= 7352
0.0192 0.4179 0.0050 0.5579
0.0605 0.7927 0.0672 0.0797
0.1088 0.3619 0.0200 0.5094
0.3086 0.2015 0.1578 0.3321
0.0001 0.3369 0.0177 0.6453
0.0001 0.9447 0.0003 0.0549
0.0689 0.6958 0.0068 0.2285

MOTIF filter11
letter-probability matrix: alength= 4 w= 7 nsites= 12911
0.3595 0.0001 0.0278 0.6126
0.3518 0.1176 0.0065 0.5240
0.2089 0.2043 0.0197 0.5670
0.1069 0.0697 0.0077 0.8158
0.2616 0.0804 0.0151 0.6428
0.2244 0.0592 0.1104 0.6060
0.1460 0.0236 0.0026 0.8279

MOTIF filter12
letter-probability matrix: alength= 4 w= 7 nsites= 17700
0.0355 0.4973 0.4265 0.0407
0.0969 0.3309 0.4081 0.1641
0.0411 0.2466 0.4134 0.2989
0.0029 0.6501 0.3060 0.0410
0.0339 0.4904 0.3512 0.1244
0.0596 0.6128 0.2655 0.0620
0.0376 0.4440 0.4884 0.0300

MOTIF filter13
letter-probability matrix: alength= 4 w= 7 nsites= 7539
0.1751 0.7474 0.0395 0.0379
0.0301 0.8426 0.1176 0.0097
0.2154 0.6399 0.1065 0.0382
0.0264 0.7706 0.0841 0.1189
0.3723 0.5276 0.0781 0.0220
0.1950 0.3922 0.2604 0.1525
0.2271 0.3741 0.2776 0.1212

MOTIF filter14
letter-probability matrix: alength= 4 w= 7 nsites= 12489
0.0030 0.4298 0.4395 0.1277
0.1350 0.4975 0.3606 0.0069
0.0442 0.2661 0.6739 0.0158
0.2598 0.1843 0.3260 0.2298
0.0136 0.2369 0.6853 0.0642
0.1130 0.0687 0.7935 0.0248
0.0538 0.4429 0.4219 0.0814

MOTIF filter15
letter-probability matrix: alength= 4 w= 7 nsites= 9725
0.2340 0.3348 0.3550 0.0762
0.0779 0.2617 0.5260 0.1344
0.0579 0.4688 0.4616 0.0117
0.0190 0.3774 0.5607 0.0429
0.2485 0.5143 0.1520 0.0851
0.0067 0.3113 0.6795 0.0025
0.3178 0.0840 0.4958 0.1024

