MEME version 4

ALPHABET= FTIHMS

Background letter frequencies:
F 0.0507 T 0.0522 I 0.1394 H 0.1371 M 0.1073 S 0.5133

MOTIF filter0
letter-probability matrix: alength= 6 w= 7 nsites= 166274
0.1428 0.0000 0.0035 0.0003 0.0015 0.8518
0.1248 0.0000 0.1373 0.0479 0.0020 0.6879
0.1096 0.0086 0.1943 0.0945 0.0461 0.5469
0.0967 0.0157 0.1958 0.1279 0.0683 0.4956
0.0857 0.0222 0.1812 0.1513 0.0781 0.4814
0.0763 0.0290 0.1671 0.1606 0.0820 0.4849
0.0684 0.0364 0.1565 0.1626 0.0831 0.4930

MOTIF filter1
letter-probability matrix: alength= 6 w= 7 nsites= 330225
0.0186 0.0353 0.1284 0.1593 0.1545 0.5038
0.0000 0.0372 0.1350 0.1287 0.1755 0.5236
0.0000 0.0405 0.1316 0.1232 0.1566 0.5482
0.0000 0.0450 0.1365 0.1217 0.1456 0.5512
0.0000 0.0507 0.1411 0.1256 0.1403 0.5424
0.0000 0.0583 0.1440 0.1309 0.1372 0.5296
0.0000 0.0678 0.1455 0.1349 0.1347 0.5170

MOTIF filter2
letter-probability matrix: alength= 6 w= 7 nsites= 172523
0.0000 0.0000 0.0000 0.0000 0.0000 1.0000
0.0000 0.0000 0.2132 0.0180 0.0173 0.7515
0.0000 0.0110 0.2537 0.0732 0.0652 0.5969
0.0000 0.0205 0.2377 0.1118 0.0870 0.5430
0.0000 0.0292 0.2152 0.1414 0.0945 0.5198
0.0000 0.0388 0.1938 0.1609 0.0965 0.5101
0.0000 0.0496 0.1750 0.1686 0.0950 0.5118

MOTIF filter3
letter-probability matrix: alength= 6 w= 7 nsites= 218056
0.0000 0.0065 0.0721 0.0510 0.0123 0.8581
0.0000 0.0136 0.0659 0.0994 0.0000 0.8211
0.0000 0.0228 0.1671 0.1418 0.0593 0.6090
0.0000 0.0315 0.1978 0.1716 0.0935 0.5055
0.0000 0.0398 0.1880 0.1812 0.1072 0.4838
0.0000 0.0483 0.1708 0.1791 0.1098 0.4920
0.0000 0.0575 0.1574 0.1716 0.1079 0.5057

MOTIF filter4
letter-probability matrix: alength= 6 w= 7 nsites= 17443
0.0001 0.9997 0.0001 0.0001 0.0001 0.0001
0.0001 0.9997 0.0001 0.0001 0.0001 0.0001
0.0001 0.9997 0.0001 0.0001 0.0001 0.0001
0.0001 0.9997 0.0001 0.0001 0.0001 0.0001
0.0001 0.9997 0.0001 0.0001 0.0001 0.0001
0.0001 0.9997 0.0001 0.0001 0.0001 0.0001
0.0001 0.9997 0.0001 0.0001 0.0001 0.0001

MOTIF filter5
letter-probability matrix: alength= 6 w= 7 nsites= 112821
0.2693 0.0021 0.2261 0.0000 0.4759 0.0266
0.2427 0.0032 0.2156 0.0000 0.4207 0.1178
0.2110 0.0032 0.1295 0.0000 0.3485 0.3078
0.1845 0.0034 0.0898 0.0033 0.2910 0.4280
0.1620 0.0048 0.0862 0.0155 0.2470 0.4845
0.1430 0.0088 0.0953 0.0367 0.2146 0.5016
0.1268 0.0155 0.1060 0.0625 0.1911 0.4980

MOTIF filter6
letter-probability matrix: alength= 6 w= 7 nsites= 65694
0.0000 0.0051 0.2606 0.2029 0.0715 0.4599
0.0000 0.0051 0.2815 0.1637 0.0136 0.5360
0.0000 0.0098 0.2282 0.1863 0.0372 0.5384
0.0000 0.0139 0.2034 0.1952 0.0532 0.5342
0.0000 0.0200 0.1865 0.1811 0.0647 0.5478
0.0000 0.0276 0.1723 0.1738 0.0735 0.5528
0.0000 0.0378 0.1629 0.1696 0.0775 0.5522

MOTIF filter7
letter-probability matrix: alength= 6 w= 7 nsites= 49644
0.8292 0.0000 0.0000 0.0008 0.0011 0.1689
0.7430 0.0000 0.0000 0.0014 0.0059 0.2496
0.6388 0.0000 0.0185 0.0038 0.0089 0.3300
0.5526 0.0000 0.0378 0.0084 0.0155 0.3856
0.4807 0.0000 0.0579 0.0154 0.0250 0.4211
0.4203 0.0000 0.0772 0.0244 0.0361 0.4420
0.3692 0.0000 0.0932 0.0351 0.0475 0.4550

MOTIF filter8
letter-probability matrix: alength= 6 w= 7 nsites= 26726
0.0000 0.0000 0.7599 0.0000 0.0000 0.2399
0.0000 0.0000 0.5107 0.0000 0.0000 0.4891
0.0000 0.0004 0.3474 0.0067 0.0018 0.6436
0.0000 0.0023 0.2784 0.0266 0.0084 0.6842
0.0000 0.0082 0.2496 0.0569 0.0203 0.6650
0.0000 0.0183 0.2329 0.0893 0.0334 0.6260
0.0000 0.0323 0.2156 0.1172 0.0446 0.5903

MOTIF filter9
letter-probability matrix: alength= 6 w= 7 nsites= 729612
0.0478 0.0202 0.1215 0.1501 0.1206 0.5399
0.0371 0.0240 0.1029 0.1467 0.0985 0.5908
0.0321 0.0289 0.1305 0.1464 0.1062 0.5559
0.0279 0.0345 0.1453 0.1490 0.1117 0.5316
0.0245 0.0408 0.1479 0.1507 0.1141 0.5221
0.0215 0.0482 0.1481 0.1506 0.1155 0.5160
0.0191 0.0571 0.1468 0.1489 0.1159 0.5122

MOTIF filter10
letter-probability matrix: alength= 6 w= 7 nsites= 206414
0.0000 0.0000 0.1276 0.0000 0.0254 0.8470
0.0000 0.0000 0.0829 0.0000 0.0345 0.8826
0.0000 0.0086 0.1695 0.0488 0.0727 0.7003
0.0000 0.0179 0.2044 0.0939 0.0955 0.5884
0.0000 0.0277 0.2016 0.1314 0.1060 0.5333
0.0000 0.0379 0.1872 0.1608 0.1078 0.5062
0.0000 0.0489 0.1725 0.1738 0.1052 0.4996

MOTIF filter11
letter-probability matrix: alength= 6 w= 7 nsites= 13055
0.0001 0.9996 0.0001 0.0001 0.0001 0.0001
0.0001 0.9996 0.0001 0.0001 0.0001 0.0001
0.0001 0.9996 0.0001 0.0001 0.0001 0.0001
0.0001 0.9996 0.0001 0.0001 0.0001 0.0001
0.0001 0.9996 0.0001 0.0001 0.0001 0.0001
0.0001 0.9996 0.0001 0.0001 0.0001 0.0001
0.0001 0.9996 0.0001 0.0001 0.0001 0.0001

