MEME version 4

ALPHABET= FTIHMS

Background letter frequencies:
F 0.0494 T 0.0516 I 0.1378 H 0.1375 M 0.1076 S 0.5162

MOTIF filter0
letter-probability matrix: alength= 6 w= 7 nsites= 451032
0.1028 0.0305 0.0363 0.1356 0.1166 0.5782
0.0933 0.0367 0.0331 0.1521 0.1267 0.5582
0.0793 0.0411 0.0902 0.1520 0.1305 0.5069
0.0678 0.0460 0.1158 0.1536 0.1316 0.4852
0.0583 0.0513 0.1249 0.1515 0.1306 0.4833
0.0503 0.0574 0.1280 0.1456 0.1280 0.4907
0.0435 0.0648 0.1305 0.1396 0.1260 0.4956

MOTIF filter1
letter-probability matrix: alength= 6 w= 7 nsites= 108818
0.4195 0.0984 0.0000 0.0000 0.4087 0.0733
0.3865 0.0987 0.0000 0.0000 0.3499 0.1648
0.3287 0.0989 0.0047 0.0030 0.2908 0.2738
0.2810 0.0998 0.0158 0.0109 0.2437 0.3488
0.2415 0.1018 0.0335 0.0247 0.2075 0.3910
0.2085 0.1051 0.0518 0.0431 0.1804 0.4111
0.1803 0.1098 0.0682 0.0634 0.1608 0.4175

MOTIF filter2
letter-probability matrix: alength= 6 w= 7 nsites= 41696
0.7324 0.0000 0.1803 0.0000 0.0012 0.0861
0.6292 0.0000 0.1765 0.0000 0.0012 0.1931
0.5432 0.0000 0.1274 0.0006 0.0021 0.3268
0.4695 0.0000 0.1075 0.0029 0.0064 0.4136
0.4072 0.0001 0.1069 0.0087 0.0145 0.4626
0.3545 0.0008 0.1136 0.0196 0.0256 0.4858
0.3104 0.0023 0.1230 0.0332 0.0375 0.4936

MOTIF filter3
letter-probability matrix: alength= 6 w= 7 nsites= 77918
0.0000 0.1184 0.0000 0.4765 0.4051 0.0000
0.0000 0.1184 0.0000 0.3486 0.4051 0.1278
0.0000 0.1184 0.0000 0.2596 0.3382 0.2838
0.0000 0.1185 0.0148 0.1935 0.2874 0.3857
0.0000 0.1197 0.0375 0.1534 0.2514 0.4380
0.0000 0.1227 0.0604 0.1278 0.2283 0.4608
0.0000 0.1285 0.0789 0.1146 0.2133 0.4646

MOTIF filter4
letter-probability matrix: alength= 6 w= 7 nsites= 23098
0.0000 0.0110 0.1569 0.1147 0.2932 0.4240
0.0000 0.0174 0.1660 0.1152 0.2696 0.4317
0.0000 0.0232 0.1420 0.1427 0.2183 0.4736
0.0000 0.0293 0.1250 0.1656 0.1799 0.5000
0.0000 0.0368 0.1186 0.1759 0.1662 0.5025
0.0000 0.0448 0.1132 0.1918 0.1453 0.5048
0.0000 0.0536 0.1106 0.1975 0.1303 0.5079

MOTIF filter5
letter-probability matrix: alength= 6 w= 7 nsites= 46977
0.0000 0.0000 0.0472 0.0058 0.0079 0.9390
0.0000 0.0050 0.1173 0.0082 0.0210 0.8485
0.0000 0.0144 0.1895 0.0563 0.0536 0.6863
0.0000 0.0246 0.2075 0.0959 0.0768 0.5952
0.0000 0.0345 0.2019 0.1287 0.0910 0.5440
0.0000 0.0454 0.1874 0.1525 0.0959 0.5188
0.0000 0.0580 0.1731 0.1614 0.0969 0.5105

MOTIF filter6
letter-probability matrix: alength= 6 w= 7 nsites= 656083
0.0189 0.0122 0.1653 0.1328 0.1454 0.5253
0.0079 0.0144 0.1711 0.1114 0.1463 0.5488
0.0066 0.0183 0.1606 0.1103 0.1395 0.5646
0.0055 0.0234 0.1578 0.1158 0.1360 0.5615
0.0047 0.0298 0.1573 0.1229 0.1338 0.5514
0.0040 0.0378 0.1554 0.1309 0.1318 0.5401
0.0034 0.0478 0.1525 0.1373 0.1291 0.5299

MOTIF filter7
letter-probability matrix: alength= 6 w= 7 nsites= 84908
0.4021 0.0000 0.0000 0.5556 0.0000 0.0423
0.3598 0.0000 0.0000 0.4383 0.0000 0.2018
0.3092 0.0000 0.0040 0.3206 0.0005 0.3657
0.2669 0.0001 0.0250 0.2397 0.0064 0.4619
0.2308 0.0009 0.0558 0.1810 0.0205 0.5110
0.2002 0.0030 0.0849 0.1455 0.0408 0.5257
0.1743 0.0065 0.1080 0.1204 0.0636 0.5272

MOTIF filter8
letter-probability matrix: alength= 6 w= 7 nsites= 198656
0.0000 0.0015 0.1490 0.0155 0.0000 0.8340
0.0000 0.0066 0.0000 0.0368 0.0232 0.9334
0.0000 0.0182 0.1327 0.0959 0.0677 0.6856
0.0000 0.0296 0.1884 0.1416 0.0920 0.5483
0.0000 0.0404 0.1896 0.1749 0.1003 0.4948
0.0000 0.0508 0.1770 0.1924 0.1005 0.4793
0.0000 0.0617 0.1616 0.1950 0.0955 0.4862

MOTIF filter9
letter-probability matrix: alength= 6 w= 7 nsites= 9632
0.0001 0.9948 0.0001 0.0001 0.0001 0.0048
0.0001 0.9995 0.0001 0.0001 0.0001 0.0001
0.0001 0.9995 0.0001 0.0001 0.0001 0.0001
0.0001 0.9995 0.0001 0.0001 0.0001 0.0001
0.0001 0.9995 0.0001 0.0001 0.0001 0.0001
0.0001 0.9995 0.0001 0.0001 0.0001 0.0001
0.0001 0.9995 0.0001 0.0001 0.0001 0.0001

MOTIF filter10
letter-probability matrix: alength= 6 w= 7 nsites= 7450
0.0001 0.0001 0.0520 0.1687 0.0001 0.7788
0.0001 0.0001 0.0001 0.2036 0.4021 0.3939
0.0001 0.0001 0.0632 0.2201 0.3510 0.3655
0.0001 0.0001 0.0883 0.1784 0.3032 0.4299
0.0001 0.0003 0.0933 0.1554 0.2576 0.4932
0.0001 0.0028 0.1005 0.1298 0.2277 0.5390
0.0001 0.0146 0.1049 0.1227 0.2381 0.5196

MOTIF filter11
letter-probability matrix: alength= 6 w= 7 nsites= 27279
0.0000 0.0000 0.0000 0.0000 0.0000 0.9998
0.0000 0.0000 0.3257 0.1694 0.0103 0.4945
0.0000 0.0013 0.2445 0.1887 0.0258 0.5396
0.0000 0.0023 0.1937 0.2097 0.0436 0.5507
0.0000 0.0043 0.1794 0.2243 0.0600 0.5321
0.0000 0.0074 0.1707 0.1956 0.0744 0.5518
0.0000 0.0118 0.1640 0.1805 0.0836 0.5599

