MEME version 4

ALPHABET= ACGU

Background letter frequencies:
A 0.2589 C 0.2310 G 0.2287 U 0.2815

MOTIF filter0
letter-probability matrix: alength= 4 w= 7 nsites= 23615
0.8089 0.0348 0.0613 0.0951
0.6335 0.0442 0.1777 0.1446
0.7990 0.0444 0.0745 0.0821
0.7745 0.0361 0.1480 0.0414
0.3954 0.1534 0.2045 0.2468
0.3767 0.1741 0.1984 0.2508
0.3772 0.1649 0.1900 0.2680

MOTIF filter1
letter-probability matrix: alength= 4 w= 7 nsites= 17076
0.2889 0.3681 0.1420 0.2009
0.0559 0.0639 0.7927 0.0875
0.4540 0.1299 0.3477 0.0685
0.0006 0.0525 0.9337 0.0133
0.2681 0.2295 0.3251 0.1773
0.2155 0.2631 0.3150 0.2064
0.2275 0.2384 0.3044 0.2297

MOTIF filter2
letter-probability matrix: alength= 4 w= 7 nsites= 8332
0.1125 0.8571 0.0108 0.0196
0.2224 0.0378 0.0349 0.7049
0.0026 0.8985 0.0731 0.0258
0.2843 0.0001 0.0274 0.6882
0.1790 0.2115 0.3355 0.2740
0.2392 0.2680 0.2086 0.2842
0.2543 0.2522 0.2201 0.2734

MOTIF filter3
letter-probability matrix: alength= 4 w= 7 nsites= 15104
0.5585 0.0001 0.1326 0.3088
0.2282 0.0001 0.1080 0.6638
0.0753 0.4885 0.0056 0.4306
0.2550 0.3503 0.1054 0.2894
0.2487 0.2415 0.1724 0.3374
0.2561 0.2400 0.2078 0.2961
0.2708 0.2193 0.2184 0.2915

MOTIF filter4
letter-probability matrix: alength= 4 w= 7 nsites= 23978
0.0137 0.4266 0.5322 0.0275
0.0781 0.7253 0.1961 0.0005
0.0000 0.4841 0.0000 0.5158
0.0799 0.4997 0.3196 0.1009
0.2405 0.2824 0.2471 0.2300
0.2031 0.2627 0.3079 0.2264
0.2097 0.2932 0.2938 0.2033

MOTIF filter5
letter-probability matrix: alength= 4 w= 7 nsites= 35114
0.0542 0.0000 0.3854 0.5604
0.1672 0.1858 0.1025 0.5445
0.0670 0.1294 0.1140 0.6896
0.0095 0.1257 0.0121 0.8527
0.1961 0.1977 0.1811 0.4252
0.2293 0.1946 0.1641 0.4120
0.2467 0.1834 0.1836 0.3862

MOTIF filter6
letter-probability matrix: alength= 4 w= 7 nsites= 9911
0.2339 0.0334 0.4096 0.3231
0.4065 0.3280 0.0134 0.2521
0.7481 0.0458 0.0221 0.1841
0.1202 0.6740 0.0510 0.1547
0.3058 0.2566 0.1146 0.3230
0.2656 0.2300 0.2093 0.2952
0.2833 0.2298 0.2064 0.2806

MOTIF filter7
letter-probability matrix: alength= 4 w= 7 nsites= 15445
0.0984 0.2992 0.0824 0.5200
0.1367 0.3216 0.5417 0.0001
0.3074 0.2392 0.4533 0.0001
0.1150 0.3913 0.4877 0.0060
0.2278 0.2948 0.2650 0.2124
0.2039 0.2842 0.2814 0.2305
0.2215 0.2686 0.3043 0.2056

MOTIF filter8
letter-probability matrix: alength= 4 w= 7 nsites= 9563
0.1644 0.0908 0.4946 0.2501
0.0725 0.2729 0.1077 0.5469
0.1887 0.0001 0.0027 0.8085
0.0001 0.7845 0.0160 0.1994
0.2641 0.2854 0.0807 0.3698
0.2163 0.2752 0.2108 0.2977
0.2352 0.2533 0.2104 0.3011

MOTIF filter9
letter-probability matrix: alength= 4 w= 7 nsites= 33935
0.0000 0.0000 0.7272 0.2728
0.2727 0.1610 0.1026 0.4638
0.0000 0.0495 0.3734 0.5771
0.0897 0.1996 0.0852 0.6256
0.2185 0.2127 0.2000 0.3689
0.2301 0.2091 0.1972 0.3636
0.2549 0.1937 0.2135 0.3379

MOTIF filter10
letter-probability matrix: alength= 4 w= 7 nsites= 6721
0.0001 0.8914 0.0098 0.0986
0.2745 0.0207 0.3386 0.3662
0.2390 0.0128 0.6262 0.1221
0.0088 0.9108 0.0067 0.0738
0.2906 0.3166 0.0980 0.2949
0.2138 0.2519 0.2168 0.3175
0.2104 0.3112 0.2251 0.2532

MOTIF filter11
letter-probability matrix: alength= 4 w= 7 nsites= 13122
0.3143 0.2536 0.3247 0.1074
0.0171 0.0705 0.8969 0.0155
0.1713 0.3781 0.4190 0.0315
0.0277 0.2615 0.5864 0.1245
0.2269 0.2884 0.2839 0.2008
0.1887 0.2829 0.3262 0.2021
0.1981 0.2647 0.3362 0.2011

