MEME version 4

ALPHABET= ACGU

Background letter frequencies:
A 0.2479 C 0.2257 G 0.2303 U 0.2961

MOTIF filter0
letter-probability matrix: alength= 4 w= 7 nsites= 17421
0.1395 0.2013 0.5358 0.1234
0.4071 0.0391 0.5373 0.0165
0.6225 0.0014 0.3298 0.0463
0.8455 0.0057 0.0727 0.0762
0.4387 0.2310 0.2925 0.0378
0.3833 0.1788 0.1620 0.2760
0.3786 0.4057 0.1865 0.0292

MOTIF filter1
letter-probability matrix: alength= 4 w= 7 nsites= 78035
0.3296 0.2206 0.1826 0.2672
0.3002 0.1266 0.1602 0.4129
0.2171 0.1981 0.1968 0.3880
0.2272 0.1945 0.1254 0.4529
0.2004 0.2879 0.2213 0.2904
0.3570 0.3440 0.0908 0.2082
0.1985 0.3734 0.0545 0.3736

MOTIF filter2
letter-probability matrix: alength= 4 w= 7 nsites= 27806
0.2978 0.1681 0.3222 0.2119
0.2597 0.0522 0.6833 0.0048
0.3172 0.5546 0.1064 0.0218
0.3479 0.2583 0.1753 0.2185
0.1559 0.1884 0.6318 0.0239
0.2178 0.3963 0.3599 0.0259
0.2611 0.4944 0.2123 0.0322

MOTIF filter3
letter-probability matrix: alength= 4 w= 7 nsites= 4584
0.0002 0.0031 0.0002 0.9965
0.2474 0.1809 0.1408 0.4309
0.7158 0.2016 0.0824 0.0002
0.3269 0.1774 0.2413 0.2544
0.3012 0.1140 0.0791 0.5057
0.0617 0.2607 0.1362 0.5414
0.2637 0.1205 0.0857 0.5301

MOTIF filter4
letter-probability matrix: alength= 4 w= 7 nsites= 7200
0.3126 0.2053 0.1610 0.3211
0.2184 0.1276 0.0782 0.5759
0.0001 0.0001 0.0001 0.9996
0.0001 0.0001 0.0001 0.9996
0.0001 0.0001 0.0001 0.9996
0.0001 0.0001 0.0001 0.9996
0.0001 0.0001 0.0394 0.9603

MOTIF filter5
letter-probability matrix: alength= 4 w= 7 nsites= 10635
0.0001 0.0001 0.0001 0.9997
0.0267 0.0001 0.0039 0.9693
0.1694 0.1085 0.0690 0.6532
0.2400 0.0903 0.0433 0.6264
0.1285 0.0991 0.1192 0.6533
0.1118 0.1230 0.0926 0.6726
0.1509 0.1420 0.0721 0.6350

MOTIF filter6
letter-probability matrix: alength= 4 w= 7 nsites= 9438
0.3746 0.2157 0.0078 0.4018
0.5235 0.2105 0.2658 0.0001
0.4139 0.0842 0.0503 0.4516
0.5840 0.2019 0.2000 0.0142
0.0849 0.0749 0.0372 0.8030
0.3164 0.3598 0.3193 0.0046
0.8104 0.0930 0.0108 0.0858

MOTIF filter7
letter-probability matrix: alength= 4 w= 7 nsites= 12837
0.1522 0.3696 0.2970 0.1812
0.2061 0.0679 0.7260 0.0001
0.3690 0.3720 0.1888 0.0702
0.3106 0.1969 0.4134 0.0791
0.0413 0.5584 0.1867 0.2135
0.2423 0.1035 0.6419 0.0123
0.4718 0.3408 0.1779 0.0095

MOTIF filter8
letter-probability matrix: alength= 4 w= 7 nsites= 23675
0.2874 0.3232 0.3186 0.0709
0.3039 0.2843 0.1685 0.2433
0.2047 0.2594 0.5348 0.0011
0.1296 0.1120 0.2995 0.4590
0.1004 0.2769 0.5314 0.0913
0.1377 0.0730 0.7680 0.0213
0.0686 0.7720 0.1479 0.0114

MOTIF filter9
letter-probability matrix: alength= 4 w= 7 nsites= 10082
0.0149 0.0001 0.0001 0.9849
0.0001 0.0001 0.0001 0.9997
0.0001 0.0006 0.0001 0.9992
0.0376 0.0176 0.0354 0.9094
0.0599 0.0616 0.0812 0.7973
0.1877 0.0570 0.1229 0.6324
0.1963 0.0413 0.1542 0.6082

MOTIF filter10
letter-probability matrix: alength= 4 w= 7 nsites= 20313
0.2447 0.6016 0.1277 0.0259
0.1333 0.6831 0.1636 0.0200
0.3367 0.2253 0.2023 0.2357
0.1088 0.6867 0.1952 0.0093
0.1585 0.4608 0.1916 0.1890
0.1229 0.3478 0.4848 0.0445
0.0643 0.8760 0.0341 0.0256

MOTIF filter11
letter-probability matrix: alength= 4 w= 7 nsites= 12350
0.0171 0.0001 0.0001 0.9828
0.0001 0.0001 0.0001 0.9998
0.0001 0.0001 0.0001 0.9998
0.0001 0.0001 0.0001 0.9998
0.0001 0.0001 0.0168 0.9830
0.1366 0.0325 0.1234 0.7074
0.1854 0.0607 0.1193 0.6345

MOTIF filter12
letter-probability matrix: alength= 4 w= 7 nsites= 27274
0.0239 0.3749 0.6000 0.0011
0.1422 0.2069 0.4535 0.1973
0.0135 0.4325 0.3755 0.1785
0.3493 0.2210 0.4220 0.0078
0.1106 0.4106 0.3313 0.1475
0.0414 0.2262 0.6006 0.1318
0.2289 0.3666 0.3951 0.0093

MOTIF filter13
letter-probability matrix: alength= 4 w= 7 nsites= 29137
0.3446 0.0814 0.1541 0.4199
0.5317 0.3960 0.0722 0.0000
0.2285 0.0878 0.0010 0.6826
0.4183 0.2029 0.3784 0.0004
0.4807 0.3998 0.0353 0.0842
0.3180 0.2395 0.2677 0.1748
0.4122 0.4617 0.1109 0.0151

MOTIF filter14
letter-probability matrix: alength= 4 w= 7 nsites= 12149
0.1154 0.0940 0.0698 0.7209
0.0821 0.0630 0.0449 0.8099
0.0142 0.0001 0.0001 0.9856
0.0001 0.0001 0.0001 0.9998
0.0165 0.0001 0.0001 0.9834
0.0001 0.0001 0.0078 0.9920
0.0708 0.0223 0.0951 0.8117

MOTIF filter15
letter-probability matrix: alength= 4 w= 7 nsites= 8489
0.2128 0.1408 0.0352 0.6112
0.2652 0.0126 0.0317 0.6906
0.0190 0.0323 0.0743 0.8745
0.0001 0.0001 0.0001 0.9996
0.0001 0.0001 0.0001 0.9996
0.0001 0.0001 0.0001 0.9996
0.0001 0.0001 0.0001 0.9996

