MEME version 4

ALPHABET= FTIHMS

Background letter frequencies:
F 0.0494 T 0.0516 I 0.1378 H 0.1375 M 0.1076 S 0.5162

MOTIF filter0
letter-probability matrix: alength= 6 w= 7 nsites= 37272
0.5953 0.0000 0.0000 0.4046 0.0000 0.0000
0.5953 0.0000 0.0000 0.4046 0.0000 0.0000
0.5953 0.0000 0.0000 0.4046 0.0000 0.0000
0.5953 0.0000 0.0000 0.4046 0.0000 0.0000
0.5256 0.0000 0.0000 0.3152 0.0000 0.1591
0.4559 0.0000 0.0000 0.2484 0.0000 0.2956
0.3970 0.0001 0.0154 0.1989 0.0021 0.3865

MOTIF filter1
letter-probability matrix: alength= 6 w= 7 nsites= 883688
0.0540 0.0211 0.1473 0.1386 0.1180 0.5209
0.0455 0.0243 0.1494 0.1369 0.1188 0.5252
0.0384 0.0286 0.1493 0.1352 0.1166 0.5320
0.0325 0.0336 0.1500 0.1456 0.1171 0.5213
0.0276 0.0397 0.1511 0.1454 0.1184 0.5177
0.0239 0.0467 0.1462 0.1447 0.1172 0.5212
0.0207 0.0555 0.1434 0.1441 0.1158 0.5206

MOTIF filter2
letter-probability matrix: alength= 6 w= 7 nsites= 826805
0.0309 0.0124 0.1494 0.1459 0.1131 0.5483
0.0265 0.0163 0.1471 0.1616 0.1279 0.5206
0.0194 0.0207 0.1506 0.1559 0.1266 0.5268
0.0132 0.0257 0.1489 0.1537 0.1265 0.5320
0.0102 0.0318 0.1346 0.1502 0.1249 0.5483
0.0087 0.0391 0.1396 0.1478 0.1229 0.5419
0.0073 0.0482 0.1435 0.1474 0.1217 0.5319

MOTIF filter3
letter-probability matrix: alength= 6 w= 7 nsites= 60873
0.0000 0.1514 0.2407 0.5996 0.0000 0.0083
0.0000 0.1514 0.2360 0.5903 0.0000 0.0223
0.0000 0.1514 0.1960 0.5776 0.0000 0.0750
0.0000 0.1515 0.1652 0.4947 0.0000 0.1886
0.0000 0.1524 0.1635 0.3653 0.0000 0.3187
0.0000 0.1530 0.1151 0.2731 0.0027 0.4561
0.0000 0.1550 0.1160 0.2154 0.0111 0.5025

MOTIF filter4
letter-probability matrix: alength= 6 w= 7 nsites= 3775
0.0003 0.0796 0.7030 0.0003 0.0003 0.2166
0.0003 0.1230 0.6697 0.0003 0.0026 0.2042
0.0003 0.1478 0.6697 0.0518 0.0968 0.0336
0.0003 0.1494 0.2698 0.0791 0.1013 0.4002
0.0003 0.1494 0.0003 0.0791 0.0468 0.7241
0.0003 0.1505 0.0272 0.0854 0.0360 0.7006
0.0003 0.1574 0.0717 0.0944 0.0339 0.6424

MOTIF filter5
letter-probability matrix: alength= 6 w= 7 nsites= 58682
0.3859 0.0000 0.3935 0.0096 0.0000 0.2110
0.3706 0.0004 0.3755 0.0060 0.0000 0.2474
0.3266 0.0007 0.3816 0.0060 0.0000 0.2851
0.2891 0.0072 0.4390 0.0135 0.0000 0.2512
0.2517 0.0094 0.3738 0.0176 0.0012 0.3463
0.2203 0.0110 0.2432 0.0226 0.0055 0.4974
0.1936 0.0142 0.1849 0.0332 0.0126 0.5614

MOTIF filter6
letter-probability matrix: alength= 6 w= 7 nsites= 40903
0.0000 0.2605 0.0000 0.0000 0.7373 0.0021
0.0000 0.2611 0.0000 0.0000 0.7373 0.0016
0.0000 0.2618 0.0000 0.0000 0.7377 0.0005
0.0000 0.2618 0.0000 0.0000 0.6333 0.1048
0.0000 0.2618 0.0000 0.0000 0.5470 0.1911
0.0000 0.2624 0.0066 0.0039 0.4595 0.2676
0.0000 0.2648 0.0174 0.0135 0.3889 0.3154

MOTIF filter7
letter-probability matrix: alength= 6 w= 7 nsites= 12707
0.0001 0.9725 0.0001 0.0001 0.0001 0.0272
0.0001 0.9725 0.0001 0.0001 0.0001 0.0272
0.0001 0.9734 0.0001 0.0001 0.0263 0.0001
0.0001 0.9734 0.0001 0.0001 0.0263 0.0001
0.0001 0.9734 0.0001 0.0001 0.0263 0.0001
0.0001 0.9734 0.0001 0.0001 0.0200 0.0064
0.0001 0.9734 0.0001 0.0001 0.0154 0.0109

MOTIF filter8
letter-probability matrix: alength= 6 w= 7 nsites= 35686
0.9992 0.0000 0.0000 0.0000 0.0000 0.0007
0.9960 0.0000 0.0000 0.0000 0.0000 0.0038
0.9230 0.0000 0.0000 0.0000 0.0007 0.0763
0.8369 0.0000 0.0000 0.0006 0.0018 0.1607
0.7364 0.0000 0.0069 0.0026 0.0026 0.2515
0.6358 0.0000 0.0199 0.0045 0.0057 0.3341
0.5498 0.0000 0.0392 0.0083 0.0126 0.3900

MOTIF filter9
letter-probability matrix: alength= 6 w= 7 nsites= 35679
0.9999 0.0000 0.0000 0.0000 0.0000 0.0000
0.9838 0.0000 0.0000 0.0000 0.0000 0.0161
0.9099 0.0000 0.0000 0.0000 0.0000 0.0900
0.8371 0.0000 0.0035 0.0000 0.0011 0.1583
0.7365 0.0000 0.0228 0.0004 0.0019 0.2383
0.6359 0.0000 0.0266 0.0021 0.0049 0.3305
0.5499 0.0000 0.0406 0.0058 0.0113 0.3924

MOTIF filter10
letter-probability matrix: alength= 6 w= 7 nsites= 81589
0.1854 0.0000 0.0000 0.3519 0.4426 0.0201
0.1854 0.0000 0.0000 0.3569 0.4449 0.0128
0.1854 0.0000 0.0000 0.3609 0.4505 0.0032
0.1854 0.0000 0.0000 0.3010 0.3979 0.1157
0.1854 0.0000 0.0000 0.2602 0.3439 0.2105
0.1618 0.0004 0.0102 0.1968 0.2884 0.3424
0.1423 0.0021 0.0244 0.1583 0.2457 0.4273

MOTIF filter11
letter-probability matrix: alength= 6 w= 7 nsites= 166884
0.0000 0.0000 0.2896 0.0186 0.0373 0.6546
0.0000 0.0000 0.3120 0.0226 0.0538 0.6116
0.0000 0.0000 0.1462 0.0149 0.0482 0.7907
0.0000 0.0000 0.0000 0.0079 0.0136 0.9785
0.0000 0.0102 0.0621 0.0400 0.0326 0.8551
0.0000 0.0287 0.1623 0.1002 0.0673 0.6415
0.0000 0.0474 0.1869 0.1468 0.0847 0.5342

MOTIF filter12
letter-probability matrix: alength= 6 w= 7 nsites= 25148
0.0000 0.0000 0.2548 0.0201 0.2871 0.4379
0.0000 0.0000 0.2573 0.0201 0.2749 0.4476
0.0000 0.0000 0.1246 0.0078 0.1554 0.7121
0.0000 0.0001 0.2263 0.0000 0.1653 0.6081
0.0000 0.0025 0.2374 0.0060 0.2035 0.5506
0.0000 0.0117 0.2134 0.0378 0.1817 0.5553
0.0000 0.0237 0.1833 0.0707 0.1652 0.5570

MOTIF filter13
letter-probability matrix: alength= 6 w= 7 nsites= 103905
0.0000 0.0887 0.0000 0.4232 0.4221 0.0660
0.0000 0.0887 0.0000 0.3224 0.3619 0.2269
0.0000 0.0887 0.0000 0.2297 0.3098 0.3718
0.0000 0.0891 0.0000 0.1627 0.2657 0.4825
0.0000 0.0907 0.0074 0.1192 0.2330 0.5495
0.0000 0.0966 0.0646 0.1081 0.2232 0.5076
0.0000 0.1049 0.0943 0.1058 0.2144 0.4806

MOTIF filter14
letter-probability matrix: alength= 6 w= 7 nsites= 23931
0.0000 0.0203 0.1839 0.3778 0.0233 0.3946
0.0000 0.0316 0.2110 0.3800 0.0033 0.3740
0.0000 0.0316 0.0000 0.3396 0.0000 0.6287
0.0000 0.0397 0.1239 0.4053 0.0000 0.4310
0.0000 0.0441 0.1407 0.4169 0.0045 0.3938
0.0000 0.0497 0.1333 0.3504 0.0228 0.4438
0.0000 0.0576 0.1177 0.3033 0.0353 0.4861

MOTIF filter15
letter-probability matrix: alength= 6 w= 7 nsites= 22001
0.0000 0.0005 0.0031 0.0000 0.0000 0.9963
0.0000 0.0197 0.0612 0.0000 0.0834 0.8356
0.0000 0.0714 0.5980 0.0000 0.0459 0.2846
0.0000 0.0862 0.5382 0.0000 0.0071 0.3684
0.0000 0.0862 0.0000 0.0000 0.0000 0.9137
0.0000 0.0902 0.0508 0.0081 0.0154 0.8355
0.0000 0.1050 0.1397 0.0301 0.0551 0.6700

