MEME version 4

ALPHABET= FTIHMS

Background letter frequencies:
F 0.0510 T 0.0537 I 0.1349 H 0.1379 M 0.1097 S 0.5127

MOTIF filter0
letter-probability matrix: alength= 6 w= 7 nsites= 55515
0.0000 0.0000 0.0000 0.9999 0.0000 0.0000
0.0000 0.0000 0.0000 0.9803 0.0000 0.0196
0.0000 0.0000 0.0000 0.8432 0.0000 0.1567
0.0000 0.0003 0.0000 0.7151 0.0075 0.2771
0.0000 0.0014 0.0198 0.5868 0.0222 0.3698
0.0000 0.0024 0.0383 0.4375 0.0264 0.4954
0.0000 0.0052 0.0630 0.3272 0.0387 0.5659

MOTIF filter1
letter-probability matrix: alength= 6 w= 7 nsites= 39061
0.0000 0.0030 0.2806 0.0099 0.1409 0.5655
0.0000 0.0103 0.4551 0.0310 0.2609 0.2427
0.0000 0.0144 0.4535 0.0510 0.3512 0.1299
0.0000 0.0144 0.4221 0.0510 0.3329 0.1795
0.0000 0.0157 0.4826 0.0563 0.3532 0.0922
0.0000 0.0163 0.3003 0.0467 0.2854 0.3512
0.0000 0.0174 0.1938 0.0383 0.2329 0.5176

MOTIF filter2
letter-probability matrix: alength= 6 w= 7 nsites= 282655
0.0560 0.0007 0.1271 0.2494 0.0872 0.4794
0.0344 0.0025 0.1543 0.2459 0.1128 0.4501
0.0165 0.0094 0.1285 0.2346 0.1297 0.4813
0.0000 0.0138 0.1575 0.2196 0.1349 0.4743
0.0000 0.0183 0.1286 0.1973 0.1386 0.5172
0.0000 0.0232 0.1237 0.1760 0.1279 0.5491
0.0000 0.0303 0.1307 0.1630 0.1229 0.5532

MOTIF filter3
letter-probability matrix: alength= 6 w= 7 nsites= 36834
0.9065 0.0000 0.0934 0.0000 0.0000 0.0000
0.9065 0.0000 0.0934 0.0000 0.0000 0.0000
0.9065 0.0000 0.0934 0.0000 0.0000 0.0000
0.8355 0.0000 0.0934 0.0000 0.0000 0.0710
0.7516 0.0000 0.0649 0.0000 0.0000 0.1834
0.6524 0.0000 0.0517 0.0003 0.0006 0.2950
0.5685 0.0001 0.0528 0.0026 0.0035 0.3726

MOTIF filter4
letter-probability matrix: alength= 6 w= 7 nsites= 275639
0.1235 0.0000 0.1467 0.0543 0.0243 0.6512
0.1130 0.0000 0.1162 0.0528 0.0069 0.7111
0.0950 0.0014 0.1670 0.0459 0.0258 0.6649
0.0795 0.0096 0.1794 0.0644 0.0351 0.6320
0.0714 0.0164 0.1421 0.0686 0.0494 0.6520
0.0624 0.0271 0.1645 0.1005 0.0681 0.5774
0.0548 0.0385 0.1705 0.1248 0.0796 0.5318

MOTIF filter5
letter-probability matrix: alength= 6 w= 7 nsites= 19967
0.0001 0.0001 0.1395 0.0920 0.6002 0.1682
0.0001 0.0001 0.1224 0.0920 0.2733 0.5122
0.0001 0.0001 0.1478 0.1069 0.0001 0.7451
0.0001 0.0001 0.1743 0.1402 0.0001 0.6853
0.0001 0.0001 0.2458 0.2147 0.0029 0.5365
0.0001 0.0108 0.2062 0.2324 0.0186 0.5320
0.0001 0.0240 0.1770 0.2572 0.0266 0.5150

MOTIF filter6
letter-probability matrix: alength= 6 w= 7 nsites= 74393
0.0067 0.0000 0.6852 0.0000 0.1927 0.1153
0.0000 0.0000 0.3679 0.0000 0.1818 0.4502
0.0000 0.0000 0.3071 0.0000 0.1113 0.5816
0.0000 0.0006 0.2542 0.0107 0.0538 0.6807
0.0000 0.0043 0.3059 0.0275 0.0042 0.6580
0.0000 0.0119 0.2383 0.0584 0.0163 0.6751
0.0000 0.0239 0.2082 0.0940 0.0271 0.6469

MOTIF filter7
letter-probability matrix: alength= 6 w= 7 nsites= 52882
0.3876 0.2199 0.0002 0.0009 0.3777 0.0136
0.3873 0.2205 0.0002 0.0039 0.3730 0.0152
0.3873 0.2210 0.0002 0.0118 0.3730 0.0067
0.3873 0.2231 0.0002 0.0164 0.3730 0.0000
0.3452 0.2231 0.0002 0.0160 0.3730 0.0426
0.3030 0.2231 0.0001 0.0143 0.3147 0.1448
0.2668 0.2231 0.0037 0.0103 0.2668 0.2292

MOTIF filter8
letter-probability matrix: alength= 6 w= 7 nsites= 3583
0.0003 0.7191 0.0003 0.0003 0.2797 0.0003
0.0003 0.7191 0.0003 0.0003 0.2797 0.0003
0.0003 0.7191 0.0003 0.0003 0.2797 0.0003
0.0003 0.7191 0.0003 0.0003 0.2797 0.0003
0.0003 0.7191 0.0003 0.0003 0.2797 0.0003
0.0003 0.7191 0.0003 0.0003 0.2237 0.0563
0.0003 0.7191 0.0003 0.0003 0.1819 0.0981

MOTIF filter9
letter-probability matrix: alength= 6 w= 7 nsites= 46763
0.0000 0.0000 0.0177 0.0000 0.9171 0.0651
0.0000 0.0000 0.0071 0.0000 0.9750 0.0179
0.0000 0.0000 0.0010 0.0000 0.9710 0.0279
0.0000 0.0000 0.0005 0.0049 0.8327 0.1619
0.0000 0.0000 0.0056 0.0068 0.6969 0.2906
0.0000 0.0007 0.0145 0.0126 0.5817 0.3904
0.0000 0.0038 0.0309 0.0272 0.4891 0.4490

MOTIF filter10
letter-probability matrix: alength= 6 w= 7 nsites= 25878
0.0000 0.0000 0.0000 0.0000 0.0000 0.9998
0.0000 0.0000 0.0000 0.0000 0.0000 0.9998
0.0000 0.0000 0.0000 0.0000 0.0000 0.9998
0.0000 0.0000 0.0000 0.0000 0.0000 0.9998
0.0000 0.0000 0.0000 0.0000 0.0000 0.9998
0.0000 0.0307 0.1653 0.0802 0.0702 0.6536
0.0000 0.0544 0.2016 0.1337 0.0987 0.5116

MOTIF filter11
letter-probability matrix: alength= 6 w= 7 nsites= 42191
0.2117 0.0000 0.0105 0.0000 0.1235 0.6543
0.2117 0.0009 0.0531 0.0002 0.0001 0.7339
0.2117 0.0157 0.1891 0.0269 0.0006 0.5560
0.1906 0.0189 0.0077 0.0463 0.0007 0.7359
0.1610 0.0238 0.0000 0.1120 0.0058 0.6974
0.1364 0.0394 0.0942 0.1788 0.0237 0.5275
0.1160 0.0553 0.1276 0.2229 0.0340 0.4443

MOTIF filter12
letter-probability matrix: alength= 6 w= 7 nsites= 38859
0.3619 0.2989 0.0000 0.3333 0.0000 0.0058
0.3619 0.2993 0.0005 0.3332 0.0000 0.0051
0.3619 0.3016 0.0017 0.3332 0.0000 0.0016
0.3619 0.3032 0.0017 0.3332 0.0000 0.0000
0.3619 0.3032 0.0017 0.3332 0.0000 0.0000
0.3199 0.3032 0.0006 0.2665 0.0000 0.1098
0.2842 0.3032 0.0003 0.2173 0.0000 0.1951

MOTIF filter13
letter-probability matrix: alength= 6 w= 7 nsites= 72511
0.5770 0.0000 0.0000 0.3769 0.0000 0.0460
0.5253 0.0000 0.0023 0.3623 0.0000 0.1101
0.4748 0.0000 0.0085 0.3534 0.0004 0.1629
0.4245 0.0000 0.0164 0.2838 0.0021 0.2732
0.3818 0.0000 0.0651 0.2409 0.0084 0.3037
0.3314 0.0001 0.0581 0.1945 0.0128 0.4031
0.2888 0.0008 0.0650 0.1609 0.0205 0.4641

MOTIF filter14
letter-probability matrix: alength= 6 w= 7 nsites= 369226
0.0130 0.0056 0.1001 0.0922 0.0351 0.7541
0.0130 0.0114 0.2026 0.1324 0.0291 0.6115
0.0060 0.0122 0.1836 0.1452 0.0118 0.6412
0.0000 0.0167 0.1155 0.1355 0.0181 0.7141
0.0000 0.0296 0.1869 0.1281 0.0550 0.6004
0.0000 0.0404 0.1873 0.1406 0.0724 0.5593
0.0000 0.0518 0.1778 0.1487 0.0831 0.5386

MOTIF filter15
letter-probability matrix: alength= 6 w= 7 nsites= 748015
0.0459 0.0119 0.1478 0.0933 0.1434 0.5577
0.0375 0.0163 0.1443 0.1200 0.1412 0.5406
0.0305 0.0215 0.1408 0.1479 0.1384 0.5208
0.0235 0.0273 0.1309 0.1561 0.1353 0.5268
0.0182 0.0343 0.1386 0.1610 0.1303 0.5177
0.0155 0.0421 0.1380 0.1630 0.1235 0.5179
0.0132 0.0515 0.1379 0.1635 0.1185 0.5152

