MEME version 4

ALPHABET= FTIHMS

Background letter frequencies:
F 0.0477 T 0.0515 I 0.1385 H 0.1373 M 0.1062 S 0.5189

MOTIF filter0
letter-probability matrix: alength= 6 w= 7 nsites= 15071
0.0001 0.1683 0.1849 0.0001 0.0334 0.6133
0.0001 0.1912 0.0660 0.0115 0.0077 0.7236
0.0001 0.2105 0.0269 0.0241 0.0074 0.7312
0.0001 0.2277 0.1311 0.1023 0.0189 0.5200
0.0001 0.2435 0.2842 0.2072 0.0641 0.2009
0.0001 0.2487 0.1899 0.2187 0.0595 0.2832
0.0001 0.2539 0.1312 0.2172 0.0529 0.3447

MOTIF filter1
letter-probability matrix: alength= 6 w= 7 nsites= 39353
0.0000 0.0037 0.0008 0.0000 0.0089 0.9865
0.0000 0.0194 0.0263 0.0030 0.0231 0.9281
0.0000 0.0433 0.0437 0.0030 0.0115 0.8985
0.0000 0.0765 0.0580 0.0196 0.0169 0.8289
0.0000 0.1196 0.0505 0.0278 0.0242 0.7778
0.0000 0.1397 0.1568 0.0963 0.0605 0.5466
0.0000 0.1572 0.1802 0.1435 0.0759 0.4432

MOTIF filter2
letter-probability matrix: alength= 6 w= 7 nsites= 63841
0.4994 0.0000 0.2134 0.2835 0.0000 0.0036
0.4971 0.0000 0.2034 0.2835 0.0000 0.0159
0.4928 0.0000 0.1619 0.2872 0.0000 0.0581
0.4471 0.0003 0.1278 0.2908 0.0000 0.1340
0.3930 0.0011 0.0977 0.2448 0.0007 0.2627
0.3389 0.0017 0.0744 0.1962 0.0017 0.3872
0.2932 0.0031 0.0737 0.1622 0.0058 0.4619

MOTIF filter3
letter-probability matrix: alength= 6 w= 7 nsites= 24932
0.0000 0.0000 0.4888 0.4613 0.0000 0.0498
0.0000 0.0000 0.4541 0.4749 0.0015 0.0694
0.0000 0.0000 0.3602 0.4832 0.0027 0.1538
0.0000 0.0004 0.3023 0.5014 0.0069 0.1889
0.0000 0.0007 0.2613 0.5131 0.0089 0.2160
0.0000 0.0020 0.1851 0.4145 0.0084 0.3899
0.0000 0.0050 0.1418 0.3437 0.0102 0.4993

MOTIF filter4
letter-probability matrix: alength= 6 w= 7 nsites= 34996
0.8155 0.0242 0.0000 0.0000 0.0020 0.1582
0.8155 0.0417 0.0000 0.0256 0.0323 0.0849
0.8155 0.0569 0.0000 0.0470 0.0752 0.0053
0.8155 0.0623 0.0000 0.0470 0.0752 0.0000
0.7168 0.0623 0.0000 0.0459 0.0711 0.1039
0.6181 0.0623 0.0000 0.0356 0.0570 0.2270
0.5347 0.0623 0.0096 0.0260 0.0468 0.3206

MOTIF filter5
letter-probability matrix: alength= 6 w= 7 nsites= 166521
0.0000 0.0000 0.1004 0.0000 0.0478 0.8517
0.0000 0.0000 0.0064 0.0000 0.0129 0.9807
0.0000 0.0000 0.0667 0.0000 0.0126 0.9207
0.0000 0.0013 0.1953 0.0543 0.0405 0.7087
0.0000 0.0109 0.1872 0.0978 0.0578 0.6462
0.0000 0.0249 0.1946 0.1451 0.0740 0.5614
0.0000 0.0390 0.1879 0.1820 0.0804 0.5106

MOTIF filter6
letter-probability matrix: alength= 6 w= 7 nsites= 105870
0.0000 0.0000 0.0473 0.0001 0.0003 0.9523
0.0000 0.0000 0.2643 0.0002 0.0189 0.7166
0.0000 0.0000 0.1088 0.0002 0.0140 0.8770
0.0000 0.0000 0.0012 0.0001 0.0331 0.9656
0.0000 0.0000 0.0725 0.0437 0.0498 0.8340
0.0000 0.0187 0.1780 0.1085 0.0857 0.6091
0.0000 0.0355 0.1979 0.1552 0.1002 0.5112

MOTIF filter7
letter-probability matrix: alength= 6 w= 7 nsites= 61273
0.2310 0.0000 0.0000 0.0000 0.7561 0.0129
0.2306 0.0000 0.0000 0.0000 0.7602 0.0092
0.2306 0.0000 0.0000 0.0000 0.6789 0.0905
0.2306 0.0004 0.0000 0.0037 0.5981 0.1672
0.2306 0.0009 0.0063 0.0066 0.5109 0.2448
0.2011 0.0024 0.0171 0.0150 0.4236 0.3408
0.1761 0.0060 0.0294 0.0305 0.3531 0.4049

MOTIF filter8
letter-probability matrix: alength= 6 w= 7 nsites= 22318
0.0000 0.8194 0.0032 0.0015 0.0027 0.1731
0.0000 0.9044 0.0000 0.0000 0.0000 0.0955
0.0000 0.9589 0.0000 0.0000 0.0000 0.0409
0.0000 0.9990 0.0000 0.0000 0.0000 0.0008
0.0000 0.9998 0.0000 0.0000 0.0000 0.0000
0.0000 0.9998 0.0000 0.0000 0.0000 0.0000
0.0000 0.9998 0.0000 0.0000 0.0000 0.0000

MOTIF filter9
letter-probability matrix: alength= 6 w= 7 nsites= 75023
0.2492 0.1308 0.1314 0.1533 0.3224 0.0129
0.2492 0.1319 0.1341 0.1533 0.3224 0.0090
0.2492 0.1326 0.1319 0.1561 0.3224 0.0078
0.2492 0.1328 0.1126 0.1578 0.3225 0.0250
0.2492 0.1329 0.0937 0.1588 0.2773 0.0880
0.2165 0.1329 0.0623 0.1265 0.2319 0.2299
0.1885 0.1336 0.0480 0.1040 0.1946 0.3313

MOTIF filter10
letter-probability matrix: alength= 6 w= 7 nsites= 11543
0.6494 0.0339 0.0100 0.0354 0.0139 0.2575
0.6494 0.0419 0.0001 0.1094 0.0112 0.1880
0.6494 0.0419 0.0001 0.1745 0.0409 0.0933
0.6494 0.0420 0.0002 0.2225 0.0387 0.0472
0.6494 0.0421 0.0012 0.2621 0.0402 0.0050
0.5527 0.0421 0.0010 0.2192 0.0313 0.1536
0.4730 0.0422 0.0008 0.1768 0.0249 0.2823

MOTIF filter11
letter-probability matrix: alength= 6 w= 7 nsites= 149254
0.0000 0.0000 0.0000 0.0000 0.0000 1.0000
0.0000 0.0000 0.0475 0.0000 0.0143 0.9381
0.0000 0.0000 0.1178 0.0000 0.0116 0.8705
0.0000 0.0012 0.0637 0.0000 0.0090 0.9260
0.0000 0.0126 0.1657 0.0295 0.0278 0.7644
0.0000 0.0295 0.2115 0.0707 0.0770 0.6113
0.0000 0.0456 0.2106 0.1028 0.1010 0.5400

MOTIF filter12
letter-probability matrix: alength= 6 w= 7 nsites= 143808
0.0000 0.0388 0.0000 0.0175 0.0150 0.9287
0.0000 0.0546 0.0996 0.0850 0.0309 0.7298
0.0000 0.0709 0.1643 0.1472 0.0451 0.5726
0.0000 0.0818 0.0068 0.1722 0.0166 0.7226
0.0000 0.0954 0.0000 0.2092 0.0054 0.6900
0.0000 0.1102 0.1040 0.2276 0.0425 0.5157
0.0000 0.1247 0.1396 0.2278 0.0616 0.4463

MOTIF filter13
letter-probability matrix: alength= 6 w= 7 nsites= 131689
0.0000 0.0000 0.3016 0.0637 0.0207 0.6140
0.0000 0.0000 0.1853 0.0555 0.0146 0.7446
0.0000 0.0000 0.0070 0.0064 0.0044 0.9822
0.0000 0.0000 0.0738 0.0000 0.0087 0.9175
0.0000 0.0047 0.0018 0.0104 0.0135 0.9696
0.0000 0.0259 0.1526 0.0726 0.0675 0.6814
0.0000 0.0465 0.1997 0.1207 0.0967 0.5364

MOTIF filter14
letter-probability matrix: alength= 6 w= 7 nsites= 71039
0.0255 0.1441 0.1096 0.2794 0.3020 0.1394
0.0255 0.1516 0.1214 0.3067 0.3238 0.0711
0.0255 0.1605 0.1216 0.3387 0.3437 0.0100
0.0255 0.1615 0.0991 0.3462 0.3439 0.0238
0.0255 0.1616 0.0730 0.3007 0.3439 0.0953
0.0217 0.1617 0.0497 0.2347 0.2858 0.2464
0.0187 0.1620 0.0421 0.1790 0.2388 0.3594

MOTIF filter15
letter-probability matrix: alength= 6 w= 7 nsites= 107455
0.0603 0.0000 0.0321 0.1268 0.2898 0.4909
0.0571 0.0000 0.0000 0.2227 0.3784 0.3417
0.0272 0.0000 0.0000 0.3014 0.3911 0.2804
0.0000 0.0003 0.0000 0.3746 0.4156 0.2094
0.0000 0.0008 0.0004 0.4212 0.3941 0.1835
0.0000 0.0016 0.0139 0.3580 0.3156 0.3108
0.0000 0.0034 0.0254 0.2969 0.2568 0.4175

