MEME version 4

ALPHABET= FTIHMS

Background letter frequencies:
F 0.0492 T 0.0518 I 0.1391 H 0.1379 M 0.1073 S 0.5147

MOTIF filter0
letter-probability matrix: alength= 6 w= 7 nsites= 47917
0.2030 0.0000 0.0025 0.3608 0.0000 0.4337
0.2030 0.0000 0.0076 0.4215 0.0149 0.3530
0.2030 0.0000 0.0718 0.5194 0.0796 0.1262
0.2030 0.0000 0.0928 0.5759 0.1022 0.0261
0.2030 0.0000 0.0804 0.5890 0.1001 0.0276
0.1722 0.0000 0.0456 0.4795 0.0774 0.2252
0.1462 0.0008 0.0280 0.3738 0.0674 0.3837

MOTIF filter1
letter-probability matrix: alength= 6 w= 7 nsites= 449957
0.0482 0.0393 0.1917 0.0902 0.1389 0.4916
0.0420 0.0449 0.1700 0.0664 0.1432 0.5336
0.0359 0.0473 0.0972 0.0491 0.1212 0.6493
0.0302 0.0555 0.1391 0.0749 0.1240 0.5764
0.0207 0.0630 0.1105 0.0662 0.1233 0.6164
0.0175 0.0721 0.1354 0.0913 0.1275 0.5562
0.0148 0.0826 0.1471 0.1117 0.1286 0.5152

MOTIF filter2
letter-probability matrix: alength= 6 w= 7 nsites= 151922
0.0000 0.0000 0.0384 0.1631 0.1648 0.6337
0.0000 0.0000 0.0344 0.2399 0.2232 0.5025
0.0000 0.0000 0.1343 0.3017 0.2801 0.2839
0.0000 0.0000 0.0842 0.2885 0.2543 0.3730
0.0000 0.0000 0.0215 0.2346 0.2133 0.5307
0.0000 0.0065 0.0620 0.2127 0.1835 0.5353
0.0000 0.0151 0.0874 0.1935 0.1598 0.5442

MOTIF filter3
letter-probability matrix: alength= 6 w= 7 nsites= 82370
0.3425 0.0000 0.0309 0.3192 0.3025 0.0049
0.3421 0.0000 0.0309 0.3197 0.3025 0.0048
0.3421 0.0000 0.0309 0.3241 0.3025 0.0003
0.3421 0.0000 0.0309 0.3244 0.3025 0.0000
0.3154 0.0000 0.0309 0.2828 0.2606 0.1103
0.2714 0.0000 0.0220 0.2097 0.2187 0.2782
0.2344 0.0002 0.0247 0.1612 0.1853 0.3941

MOTIF filter4
letter-probability matrix: alength= 6 w= 7 nsites= 57885
0.0000 0.1942 0.0001 0.2766 0.5220 0.0071
0.0000 0.1979 0.0001 0.2765 0.5156 0.0099
0.0000 0.1999 0.0000 0.2734 0.5051 0.0215
0.0000 0.2018 0.0000 0.2779 0.4310 0.0892
0.0000 0.2036 0.0064 0.2221 0.3746 0.1933
0.0000 0.2040 0.0077 0.1788 0.3146 0.2949
0.0000 0.2055 0.0198 0.1507 0.2668 0.3572

MOTIF filter5
letter-probability matrix: alength= 6 w= 7 nsites= 114859
0.0000 0.0000 0.0000 0.0000 0.2276 0.7723
0.0000 0.0000 0.0000 0.0000 0.1644 0.8356
0.0000 0.0000 0.0636 0.0000 0.1019 0.8345
0.0000 0.0003 0.0589 0.0032 0.0477 0.8899
0.0000 0.0121 0.0956 0.0474 0.0521 0.7927
0.0000 0.0281 0.1579 0.1059 0.0729 0.6352
0.0000 0.0450 0.1751 0.1580 0.0825 0.5394

MOTIF filter6
letter-probability matrix: alength= 6 w= 7 nsites= 21749
0.0000 0.0019 0.1675 0.0000 0.8281 0.0024
0.0000 0.0028 0.1671 0.0000 0.8281 0.0020
0.0000 0.0033 0.1671 0.0000 0.8291 0.0005
0.0000 0.0037 0.1671 0.0000 0.8291 0.0000
0.0000 0.0037 0.1171 0.0000 0.8291 0.0501
0.0000 0.0037 0.0832 0.0000 0.6990 0.2141
0.0000 0.0039 0.0632 0.0007 0.5897 0.3424

MOTIF filter7
letter-probability matrix: alength= 6 w= 7 nsites= 106858
0.0000 0.0000 0.1030 0.2390 0.0109 0.6471
0.0000 0.0000 0.0277 0.0804 0.0056 0.8863
0.0000 0.0000 0.0000 0.0000 0.0076 0.9924
0.0000 0.0018 0.0618 0.0000 0.0094 0.9270
0.0000 0.0100 0.0994 0.0002 0.0451 0.8453
0.0000 0.0276 0.1908 0.0328 0.1091 0.6396
0.0000 0.0451 0.2081 0.0552 0.1435 0.5481

MOTIF filter8
letter-probability matrix: alength= 6 w= 7 nsites= 41736
0.0000 0.3419 0.0000 0.6239 0.0000 0.0341
0.0000 0.3505 0.0000 0.6400 0.0052 0.0043
0.0000 0.3548 0.0000 0.6400 0.0052 0.0000
0.0000 0.3548 0.0000 0.6400 0.0052 0.0000
0.0000 0.3548 0.0000 0.5143 0.0052 0.1257
0.0000 0.3548 0.0000 0.3827 0.0042 0.2583
0.0000 0.3549 0.0124 0.2975 0.0058 0.3294

MOTIF filter9
letter-probability matrix: alength= 6 w= 7 nsites= 102949
0.2819 0.1234 0.0886 0.1870 0.2978 0.0214
0.2819 0.1252 0.0812 0.1843 0.3008 0.0265
0.2819 0.1286 0.0807 0.1860 0.3044 0.0183
0.2819 0.1314 0.0867 0.1878 0.3088 0.0033
0.2523 0.1320 0.0620 0.1550 0.2669 0.1316
0.2172 0.1320 0.0400 0.1216 0.2215 0.2676
0.1876 0.1324 0.0378 0.0984 0.1861 0.3578

MOTIF filter10
letter-probability matrix: alength= 6 w= 7 nsites= 205561
0.0000 0.0000 0.0489 0.0000 0.0127 0.9384
0.0000 0.0000 0.0240 0.0315 0.0336 0.9108
0.0000 0.0000 0.1237 0.0702 0.0529 0.7532
0.0000 0.0055 0.1972 0.1010 0.0583 0.6380
0.0000 0.0108 0.2079 0.1327 0.0511 0.5975
0.0000 0.0231 0.2029 0.1573 0.0706 0.5461
0.0000 0.0361 0.1895 0.1718 0.0796 0.5230

MOTIF filter11
letter-probability matrix: alength= 6 w= 7 nsites= 173628
0.0000 0.0000 0.1009 0.1146 0.1227 0.6618
0.0000 0.0000 0.0332 0.0871 0.0952 0.7845
0.0000 0.0000 0.0355 0.0313 0.0661 0.8671
0.0000 0.0000 0.0401 0.0000 0.0218 0.9381
0.0000 0.0059 0.0679 0.0232 0.0183 0.8848
0.0000 0.0244 0.1662 0.0796 0.0626 0.6672
0.0000 0.0429 0.1959 0.1261 0.0855 0.5495

MOTIF filter12
letter-probability matrix: alength= 6 w= 7 nsites= 37890
0.0000 0.2422 0.0964 0.0000 0.6591 0.0022
0.0000 0.2429 0.0959 0.0000 0.6581 0.0030
0.0000 0.2439 0.0959 0.0000 0.6580 0.0021
0.0000 0.2447 0.0959 0.0000 0.6588 0.0006
0.0000 0.2453 0.0672 0.0000 0.5677 0.1198
0.0000 0.2453 0.0477 0.0000 0.4765 0.2305
0.0000 0.2459 0.0427 0.0036 0.4020 0.3057

MOTIF filter13
letter-probability matrix: alength= 6 w= 7 nsites= 39062
0.0000 0.1203 0.0581 0.6200 0.0082 0.1933
0.0000 0.1858 0.1376 0.6201 0.0262 0.0303
0.0000 0.1924 0.1613 0.6201 0.0262 0.0000
0.0000 0.1924 0.1222 0.4856 0.0000 0.1998
0.0000 0.1924 0.0841 0.3978 0.0000 0.3257
0.0000 0.1928 0.0696 0.3107 0.0042 0.4227
0.0000 0.1946 0.0746 0.2459 0.0148 0.4701

MOTIF filter14
letter-probability matrix: alength= 6 w= 7 nsites= 4195
0.0081 0.0002 0.0950 0.0050 0.0912 0.8005
0.0002 0.0002 0.0002 0.1385 0.0002 0.8605
0.0002 0.0060 0.0002 0.4985 0.0002 0.4949
0.0002 0.0302 0.0002 0.9648 0.0043 0.0002
0.0002 0.0302 0.0002 0.9648 0.0043 0.0002
0.0002 0.0302 0.0002 0.8886 0.0038 0.0769
0.0002 0.0302 0.0002 0.7036 0.0036 0.2621

MOTIF filter15
letter-probability matrix: alength= 6 w= 7 nsites= 38911
0.0000 0.2359 0.0000 0.0000 0.7617 0.0024
0.0000 0.2365 0.0000 0.0000 0.7623 0.0011
0.0000 0.2371 0.0000 0.0000 0.7628 0.0000
0.0000 0.2371 0.0000 0.0000 0.7628 0.0000
0.0000 0.2371 0.0000 0.0000 0.6741 0.0887
0.0000 0.2371 0.0000 0.0000 0.5606 0.2022
0.0000 0.2376 0.0062 0.0032 0.4705 0.2825

