MEME version 4

ALPHABET= FTIHMS

Background letter frequencies:
F 0.0491 T 0.0536 I 0.1363 H 0.1396 M 0.1110 S 0.5104

MOTIF filter0
letter-probability matrix: alength= 6 w= 7 nsites= 13801
0.0001 0.9996 0.0001 0.0001 0.0001 0.0001
0.0001 0.9996 0.0001 0.0001 0.0001 0.0001
0.0001 0.9996 0.0001 0.0001 0.0001 0.0001
0.0001 0.9996 0.0001 0.0001 0.0001 0.0001
0.0001 0.9996 0.0001 0.0001 0.0001 0.0001
0.0001 0.9996 0.0001 0.0001 0.0001 0.0001
0.0001 0.9996 0.0001 0.0001 0.0001 0.0001

MOTIF filter1
letter-probability matrix: alength= 6 w= 7 nsites= 10983
0.0001 0.9995 0.0001 0.0001 0.0001 0.0001
0.0001 0.9995 0.0001 0.0001 0.0001 0.0001
0.0001 0.9995 0.0001 0.0001 0.0001 0.0001
0.0001 0.9995 0.0001 0.0001 0.0001 0.0001
0.0001 0.9995 0.0001 0.0001 0.0001 0.0001
0.0001 0.9995 0.0001 0.0001 0.0001 0.0001
0.0001 0.9995 0.0001 0.0001 0.0001 0.0001

MOTIF filter2
letter-probability matrix: alength= 6 w= 7 nsites= 16792
0.0001 0.9997 0.0001 0.0001 0.0001 0.0001
0.0001 0.9997 0.0001 0.0001 0.0001 0.0001
0.0001 0.9997 0.0001 0.0001 0.0001 0.0001
0.0001 0.9997 0.0001 0.0001 0.0001 0.0001
0.0001 0.9997 0.0001 0.0001 0.0001 0.0001
0.0001 0.9997 0.0001 0.0001 0.0001 0.0001
0.0001 0.9997 0.0001 0.0001 0.0001 0.0001

MOTIF filter3
letter-probability matrix: alength= 6 w= 7 nsites= 40586
0.0000 0.0000 0.5057 0.0000 0.0681 0.4261
0.0000 0.0000 0.0447 0.0471 0.1321 0.7761
0.0000 0.0038 0.0658 0.0675 0.1181 0.7447
0.0000 0.0135 0.1398 0.1105 0.1195 0.6168
0.0000 0.0251 0.1613 0.1483 0.1239 0.5414
0.0000 0.0374 0.1590 0.1698 0.1247 0.5090
0.0000 0.0502 0.1526 0.1805 0.1191 0.4977

MOTIF filter4
letter-probability matrix: alength= 6 w= 7 nsites= 440678
0.0701 0.0271 0.0961 0.2004 0.1954 0.4110
0.0599 0.0274 0.0906 0.1854 0.1799 0.4567
0.0513 0.0301 0.0952 0.1638 0.1627 0.4969
0.0442 0.0337 0.1073 0.1496 0.1527 0.5125
0.0383 0.0385 0.1186 0.1427 0.1473 0.5146
0.0333 0.0446 0.1264 0.1357 0.1438 0.5163
0.0290 0.0524 0.1305 0.1335 0.1414 0.5132

MOTIF filter5
letter-probability matrix: alength= 6 w= 7 nsites= 17656
0.0001 0.9997 0.0001 0.0001 0.0001 0.0001
0.0001 0.9997 0.0001 0.0001 0.0001 0.0001
0.0001 0.9997 0.0001 0.0001 0.0001 0.0001
0.0001 0.9997 0.0001 0.0001 0.0001 0.0001
0.0001 0.9997 0.0001 0.0001 0.0001 0.0001
0.0001 0.9997 0.0001 0.0001 0.0001 0.0001
0.0001 0.9997 0.0001 0.0001 0.0001 0.0001

MOTIF filter6
letter-probability matrix: alength= 6 w= 7 nsites= 840919
0.0535 0.0228 0.1516 0.1652 0.1102 0.4967
0.0459 0.0264 0.1571 0.1539 0.0997 0.5171
0.0389 0.0306 0.1516 0.1502 0.1040 0.5246
0.0332 0.0355 0.1483 0.1462 0.1072 0.5296
0.0284 0.0416 0.1470 0.1437 0.1097 0.5296
0.0244 0.0488 0.1461 0.1439 0.1117 0.5250
0.0211 0.0579 0.1451 0.1440 0.1135 0.5185

MOTIF filter7
letter-probability matrix: alength= 6 w= 7 nsites= 60202
0.0000 0.0000 0.1780 0.0354 0.3576 0.4289
0.0000 0.0000 0.2537 0.0126 0.2969 0.4368
0.0000 0.0012 0.1735 0.0247 0.2417 0.5590
0.0000 0.0047 0.1435 0.0439 0.2045 0.6034
0.0000 0.0113 0.1424 0.0730 0.1833 0.5900
0.0000 0.0209 0.1475 0.1014 0.1686 0.5616
0.0000 0.0322 0.1470 0.1277 0.1565 0.5366

MOTIF filter8
letter-probability matrix: alength= 6 w= 7 nsites= 41606
0.8476 0.0000 0.0000 0.0000 0.0000 0.1523
0.7215 0.0000 0.0000 0.0000 0.0000 0.2784
0.6168 0.0000 0.0144 0.0015 0.0019 0.3653
0.5304 0.0000 0.0367 0.0061 0.0088 0.4180
0.4576 0.0000 0.0602 0.0142 0.0214 0.4466
0.3959 0.0000 0.0814 0.0249 0.0357 0.4621
0.3447 0.0000 0.0982 0.0370 0.0492 0.4709

MOTIF filter9
letter-probability matrix: alength= 6 w= 7 nsites= 10194
0.0001 0.9995 0.0001 0.0001 0.0001 0.0001
0.0001 0.9995 0.0001 0.0001 0.0001 0.0001
0.0001 0.9995 0.0001 0.0001 0.0001 0.0001
0.0001 0.9995 0.0001 0.0001 0.0001 0.0001
0.0001 0.9995 0.0001 0.0001 0.0001 0.0001
0.0001 0.9995 0.0001 0.0001 0.0001 0.0001
0.0001 0.9995 0.0001 0.0001 0.0001 0.0001

MOTIF filter10
letter-probability matrix: alength= 6 w= 7 nsites= 64160
0.4677 0.0000 0.2751 0.0007 0.0497 0.2067
0.3998 0.0000 0.0783 0.0013 0.0097 0.5110
0.3437 0.0000 0.0661 0.0056 0.0155 0.5691
0.2965 0.0026 0.0995 0.0263 0.0307 0.5444
0.2565 0.0063 0.1207 0.0512 0.0467 0.5186
0.2233 0.0101 0.1320 0.0750 0.0606 0.4990
0.1953 0.0142 0.1371 0.0941 0.0706 0.4886

MOTIF filter11
letter-probability matrix: alength= 6 w= 7 nsites= 5216
0.0002 0.9990 0.0002 0.0002 0.0002 0.0002
0.0002 0.9990 0.0002 0.0002 0.0002 0.0002
0.0002 0.9990 0.0002 0.0002 0.0002 0.0002
0.0002 0.9990 0.0002 0.0002 0.0002 0.0002
0.0002 0.9990 0.0002 0.0002 0.0002 0.0002
0.0002 0.9990 0.0002 0.0002 0.0002 0.0002
0.0002 0.9990 0.0002 0.0002 0.0002 0.0002

