MEME version 4

ALPHABET= ACGU

Background letter frequencies:
A 0.2710 C 0.2160 G 0.2158 U 0.2973

MOTIF filter0
letter-probability matrix: alength= 4 w= 7 nsites= 12026
0.0453 0.6472 0.1496 0.1579
0.0494 0.5310 0.3328 0.0869
0.0746 0.2604 0.5138 0.1511
0.0736 0.4559 0.3781 0.0924
0.0909 0.2076 0.4947 0.2067
0.0485 0.3439 0.4357 0.1719
0.0278 0.3492 0.5308 0.0922

MOTIF filter1
letter-probability matrix: alength= 4 w= 7 nsites= 35895
0.3569 0.0767 0.1655 0.4009
0.0008 0.0010 0.9970 0.0012
0.2226 0.1827 0.3275 0.2672
0.2549 0.0508 0.3911 0.3032
0.0638 0.0281 0.8431 0.0650
0.1916 0.1594 0.4081 0.2409
0.2390 0.1930 0.2959 0.2722

MOTIF filter2
letter-probability matrix: alength= 4 w= 7 nsites= 12715
0.0194 0.3769 0.5370 0.0667
0.3830 0.2651 0.3354 0.0164
0.0376 0.5260 0.4359 0.0006
0.3076 0.4732 0.0393 0.1799
0.0911 0.3958 0.4807 0.0324
0.2391 0.1090 0.4849 0.1670
0.0573 0.4487 0.4664 0.0276

MOTIF filter3
letter-probability matrix: alength= 4 w= 7 nsites= 14005
0.0182 0.4467 0.5275 0.0076
0.3122 0.3297 0.1873 0.1708
0.0199 0.7933 0.1864 0.0004
0.2536 0.4074 0.1712 0.1679
0.0857 0.6644 0.2231 0.0268
0.2038 0.3878 0.2486 0.1599
0.0655 0.5197 0.3287 0.0861

MOTIF filter4
letter-probability matrix: alength= 4 w= 7 nsites= 1203
0.5592 0.0555 0.0008 0.3844
0.0563 0.8890 0.0008 0.0539
0.2668 0.3248 0.0008 0.4076
0.5211 0.3654 0.0008 0.1127
0.2684 0.3645 0.0008 0.3662
0.5534 0.0008 0.0008 0.4449
0.5518 0.2030 0.0008 0.2444

MOTIF filter5
letter-probability matrix: alength= 4 w= 7 nsites= 3095
0.4014 0.5850 0.0003 0.0132
0.7460 0.0032 0.0003 0.2504
0.0019 0.4472 0.0003 0.5505
0.5224 0.0697 0.0003 0.4076
0.4211 0.4172 0.0003 0.1613
0.7932 0.1623 0.0003 0.0442
0.1907 0.4618 0.0003 0.3472

MOTIF filter6
letter-probability matrix: alength= 4 w= 7 nsites= 30223
0.3751 0.1089 0.1849 0.3311
0.0289 0.0212 0.9381 0.0118
0.3114 0.2603 0.2271 0.2011
0.3779 0.0873 0.2261 0.3087
0.0216 0.0259 0.9391 0.0134
0.3418 0.1562 0.2399 0.2621
0.1977 0.1112 0.5369 0.1542

MOTIF filter7
letter-probability matrix: alength= 4 w= 7 nsites= 2013
0.2519 0.0005 0.0005 0.7471
0.2836 0.5885 0.0005 0.1274
0.3694 0.5320 0.0005 0.0982
0.1750 0.2459 0.0005 0.5786
0.1145 0.5231 0.0005 0.3619
0.1958 0.0481 0.0005 0.7556
0.0570 0.7015 0.0005 0.2410

MOTIF filter8
letter-probability matrix: alength= 4 w= 7 nsites= 9797
0.3149 0.3393 0.0001 0.3458
0.3978 0.0572 0.0001 0.5448
0.0796 0.1024 0.0001 0.8179
0.4273 0.3071 0.0001 0.2655
0.2837 0.0436 0.0001 0.6726
0.1455 0.1418 0.0001 0.7126
0.0024 0.0899 0.0001 0.9076

MOTIF filter9
letter-probability matrix: alength= 4 w= 7 nsites= 2320
0.0017 0.9574 0.0004 0.0404
0.2276 0.0004 0.0004 0.7715
0.2694 0.4079 0.0004 0.3223
0.4023 0.3352 0.0004 0.2620
0.1472 0.0095 0.0004 0.8429
0.3270 0.3305 0.0004 0.3421
0.3722 0.5998 0.0004 0.0275

MOTIF filter10
letter-probability matrix: alength= 4 w= 7 nsites= 6217
0.0140 0.0082 0.0002 0.9777
0.3721 0.3983 0.0002 0.2294
0.5530 0.1083 0.0002 0.3385
0.3922 0.3626 0.0011 0.2440
0.1670 0.4369 0.0002 0.3959
0.2813 0.2472 0.0002 0.4713
0.1894 0.5989 0.0002 0.2115

MOTIF filter11
letter-probability matrix: alength= 4 w= 7 nsites= 35143
0.2935 0.0943 0.2052 0.4071
0.0004 0.0002 0.9984 0.0010
0.2396 0.0762 0.4291 0.2552
0.0487 0.0370 0.8458 0.0685
0.2137 0.1983 0.3799 0.2081
0.2649 0.1565 0.2161 0.3625
0.1719 0.1671 0.4491 0.2119

MOTIF filter12
letter-probability matrix: alength= 4 w= 7 nsites= 23913
0.0031 0.0025 0.9695 0.0250
0.3091 0.0592 0.1936 0.4381
0.0037 0.0013 0.9731 0.0219
0.2190 0.1706 0.2764 0.3340
0.2142 0.1238 0.2458 0.4162
0.1338 0.1341 0.3180 0.4141
0.0725 0.1257 0.5402 0.2616

MOTIF filter13
letter-probability matrix: alength= 4 w= 7 nsites= 20536
0.5149 0.0553 0.0303 0.3995
0.0022 0.0000 0.9976 0.0001
0.4203 0.2711 0.0794 0.2293
0.4724 0.0525 0.0594 0.4156
0.0696 0.0082 0.9069 0.0152
0.3556 0.2509 0.1498 0.2437
0.3838 0.2172 0.1845 0.2145

MOTIF filter14
letter-probability matrix: alength= 4 w= 7 nsites= 5539
0.7377 0.2343 0.0002 0.0278
0.0002 0.3383 0.0020 0.6596
0.2564 0.1571 0.0002 0.5863
0.8425 0.0817 0.0002 0.0756
0.4443 0.2721 0.0002 0.2834
0.2845 0.3550 0.0076 0.3529
0.6291 0.1674 0.0357 0.1678

MOTIF filter15
letter-probability matrix: alength= 4 w= 7 nsites= 13137
0.0068 0.4906 0.4727 0.0298
0.0377 0.6312 0.0891 0.2421
0.0379 0.8257 0.0650 0.0715
0.0967 0.3230 0.3023 0.2780
0.1183 0.6098 0.2400 0.0318
0.0931 0.5034 0.2839 0.1195
0.0573 0.5595 0.2584 0.1248

