MEME version 4

ALPHABET= ACGU

Background letter frequencies:
A 0.2574 C 0.2213 G 0.2215 U 0.2998

MOTIF filter0
letter-probability matrix: alength= 4 w= 7 nsites= 38603
0.2451 0.0787 0.5304 0.1459
0.0956 0.0376 0.8279 0.0389
0.2309 0.1345 0.4429 0.1917
0.1596 0.1384 0.5974 0.1046
0.2463 0.2096 0.3401 0.2040
0.2376 0.2263 0.3002 0.2359
0.2397 0.2136 0.3170 0.2297

MOTIF filter1
letter-probability matrix: alength= 4 w= 7 nsites= 18171
0.0001 0.0001 0.0317 0.9682
0.1651 0.0420 0.0299 0.7630
0.1731 0.0401 0.0001 0.7867
0.2014 0.0001 0.0001 0.7985
0.2060 0.1098 0.1150 0.5692
0.2247 0.1232 0.1070 0.5451
0.2313 0.1231 0.1170 0.5286

MOTIF filter2
letter-probability matrix: alength= 4 w= 7 nsites= 19825
0.0001 0.1808 0.5689 0.2502
0.3192 0.5514 0.1133 0.0162
0.0959 0.3740 0.2333 0.2967
0.5078 0.4341 0.0167 0.0414
0.2729 0.2506 0.2144 0.2620
0.2540 0.2246 0.2552 0.2662
0.2302 0.2590 0.2458 0.2650

MOTIF filter3
letter-probability matrix: alength= 4 w= 7 nsites= 14916
0.0001 0.0571 0.0001 0.9428
0.0859 0.0001 0.0001 0.9139
0.0001 0.0489 0.0001 0.9510
0.0508 0.0468 0.0001 0.9023
0.1672 0.1230 0.0973 0.6125
0.1960 0.1261 0.0962 0.5818
0.2072 0.1237 0.1068 0.5623

MOTIF filter4
letter-probability matrix: alength= 4 w= 7 nsites= 39698
0.3505 0.0946 0.2855 0.2694
0.0760 0.0306 0.8636 0.0298
0.4525 0.1453 0.1195 0.2826
0.1189 0.0638 0.7016 0.1157
0.2595 0.2082 0.3200 0.2123
0.2444 0.2329 0.2790 0.2437
0.2504 0.2182 0.2863 0.2451

MOTIF filter5
letter-probability matrix: alength= 4 w= 7 nsites= 36793
0.0399 0.1816 0.3492 0.4293
0.0373 0.2003 0.7624 0.0000
0.0679 0.0576 0.5702 0.3043
0.0334 0.4071 0.4886 0.0710
0.2269 0.2840 0.2299 0.2592
0.2092 0.2732 0.2858 0.2319
0.2122 0.2704 0.2758 0.2416

MOTIF filter6
letter-probability matrix: alength= 4 w= 7 nsites= 65288
0.0984 0.1240 0.7775 0.0000
0.0956 0.2428 0.4046 0.2570
0.1806 0.3478 0.4716 0.0000
0.3961 0.0350 0.4858 0.0831
0.2263 0.2462 0.3278 0.1997
0.2358 0.2473 0.2942 0.2227
0.2351 0.2417 0.2912 0.2320

MOTIF filter7
letter-probability matrix: alength= 4 w= 7 nsites= 13900
0.0770 0.0001 0.0001 0.9229
0.0465 0.0001 0.0001 0.9534
0.0367 0.0001 0.0001 0.9632
0.1196 0.0502 0.0468 0.7834
0.1881 0.1118 0.0946 0.6056
0.2037 0.1159 0.1024 0.5780
0.2161 0.1175 0.1110 0.5554

MOTIF filter8
letter-probability matrix: alength= 4 w= 7 nsites= 46385
0.3023 0.1129 0.3208 0.2639
0.0311 0.0099 0.9054 0.0536
0.1831 0.2238 0.4933 0.0999
0.1863 0.1860 0.4644 0.1634
0.2375 0.2230 0.3315 0.2081
0.2278 0.2385 0.2966 0.2370
0.2419 0.2256 0.3008 0.2317

MOTIF filter9
letter-probability matrix: alength= 4 w= 7 nsites= 18105
0.0001 0.4454 0.0691 0.4855
0.0001 0.2414 0.2121 0.5465
0.0255 0.2931 0.3675 0.3139
0.2294 0.2891 0.0001 0.4814
0.2205 0.2571 0.2467 0.2757
0.2164 0.2693 0.2097 0.3047
0.2175 0.2636 0.2286 0.2904

MOTIF filter10
letter-probability matrix: alength= 4 w= 7 nsites= 68001
0.0837 0.0097 0.8898 0.0167
0.3300 0.0785 0.4841 0.1074
0.1548 0.0844 0.6755 0.0853
0.2891 0.2224 0.3601 0.1284
0.2476 0.2374 0.2778 0.2372
0.2484 0.2292 0.2895 0.2329
0.2411 0.2323 0.3077 0.2189

MOTIF filter11
letter-probability matrix: alength= 4 w= 7 nsites= 40927
0.3116 0.2570 0.1704 0.2610
0.0794 0.2025 0.6247 0.0933
0.3407 0.0361 0.3299 0.2933
0.0953 0.1153 0.6955 0.0939
0.2525 0.2256 0.2952 0.2266
0.2531 0.2360 0.2913 0.2196
0.2363 0.2297 0.2748 0.2591

