MEME version 4

ALPHABET= ACGU

Background letter frequencies:
A 0.2673 C 0.2194 G 0.2206 U 0.2928

MOTIF filter0
letter-probability matrix: alength= 4 w= 7 nsites= 14880
0.1817 0.6643 0.1420 0.0119
0.0037 0.3150 0.4814 0.1999
0.0152 0.3533 0.6313 0.0002
0.0232 0.3857 0.5464 0.0447
0.0922 0.4391 0.3610 0.1078
0.0888 0.5180 0.3238 0.0694
0.1336 0.2489 0.3623 0.2553

MOTIF filter1
letter-probability matrix: alength= 4 w= 7 nsites= 10503
0.4317 0.2354 0.0860 0.2469
0.8015 0.0083 0.1011 0.0892
0.1973 0.0025 0.8001 0.0001
0.2835 0.0210 0.6560 0.0394
0.4302 0.0253 0.3322 0.2123
0.4278 0.0089 0.4268 0.1366
0.2177 0.0169 0.6879 0.0775

MOTIF filter2
letter-probability matrix: alength= 4 w= 7 nsites= 3252
0.6354 0.0046 0.0003 0.3596
0.4539 0.2012 0.0003 0.3446
0.3372 0.3388 0.0003 0.3237
0.1265 0.4472 0.0003 0.4260
0.1450 0.0786 0.0003 0.7761
0.5396 0.2205 0.0003 0.2396
0.2380 0.6787 0.0003 0.0829

MOTIF filter3
letter-probability matrix: alength= 4 w= 7 nsites= 26750
0.3051 0.2389 0.2022 0.2537
0.2583 0.1266 0.3577 0.2574
0.3266 0.0304 0.4707 0.1723
0.0035 0.0005 0.9960 0.0001
0.3936 0.2959 0.1266 0.1839
0.3755 0.1975 0.2299 0.1971
0.3333 0.1512 0.2801 0.2353

MOTIF filter4
letter-probability matrix: alength= 4 w= 7 nsites= 18797
0.2658 0.0600 0.1825 0.4916
0.0014 0.0091 0.9380 0.0515
0.0544 0.2692 0.1243 0.5520
0.0732 0.2208 0.2928 0.4131
0.2533 0.0514 0.2913 0.4040
0.0016 0.0001 0.9881 0.0102
0.2099 0.2638 0.1999 0.3265

MOTIF filter5
letter-probability matrix: alength= 4 w= 7 nsites= 6122
0.0596 0.8728 0.0589 0.0087
0.5180 0.3692 0.0673 0.0455
0.0165 0.2021 0.7533 0.0281
0.0694 0.4997 0.3745 0.0565
0.0202 0.6249 0.3211 0.0338
0.1572 0.3906 0.0800 0.3722
0.0139 0.2316 0.7339 0.0206

MOTIF filter6
letter-probability matrix: alength= 4 w= 7 nsites= 9090
0.3036 0.5490 0.0001 0.1472
0.2946 0.0590 0.0001 0.6463
0.0001 0.3428 0.0001 0.6570
0.5967 0.0001 0.0001 0.4031
0.3404 0.4573 0.0001 0.2021
0.3640 0.3230 0.0001 0.3130
0.2586 0.5410 0.0001 0.2002

MOTIF filter7
letter-probability matrix: alength= 4 w= 7 nsites= 10802
0.1248 0.7290 0.0743 0.0718
0.2717 0.2903 0.1337 0.3043
0.0194 0.3836 0.5861 0.0109
0.0146 0.6968 0.1768 0.1118
0.0021 0.9361 0.0289 0.0329
0.0759 0.2792 0.1756 0.4694
0.0801 0.4860 0.4079 0.0259

MOTIF filter8
letter-probability matrix: alength= 4 w= 7 nsites= 27012
0.2567 0.1540 0.2126 0.3767
0.0643 0.0281 0.8347 0.0729
0.0475 0.0486 0.8736 0.0304
0.3124 0.1061 0.3393 0.2422
0.0732 0.0446 0.8379 0.0444
0.3350 0.1772 0.2302 0.2576
0.1502 0.1568 0.5241 0.1688

MOTIF filter9
letter-probability matrix: alength= 4 w= 7 nsites= 6934
0.4885 0.0778 0.3504 0.0833
0.6767 0.1352 0.1880 0.0001
0.5301 0.3798 0.0001 0.0899
0.1584 0.2038 0.3576 0.2802
0.1179 0.4543 0.0360 0.3918
0.5101 0.0001 0.0007 0.4890
0.0303 0.7968 0.0960 0.0770

MOTIF filter10
letter-probability matrix: alength= 4 w= 7 nsites= 13429
0.2100 0.1344 0.0770 0.5786
0.0010 0.0010 0.9876 0.0105
0.4200 0.0779 0.0113 0.4907
0.0237 0.0031 0.9223 0.0509
0.2780 0.2186 0.1341 0.3693
0.2018 0.1893 0.2025 0.4064
0.1584 0.1729 0.3948 0.2739

MOTIF filter11
letter-probability matrix: alength= 4 w= 7 nsites= 2036
0.5618 0.0843 0.0005 0.3534
0.1088 0.8314 0.0005 0.0593
0.4343 0.0127 0.0010 0.5520
0.5221 0.3750 0.0005 0.1025
0.0152 0.7877 0.0005 0.1966
0.1794 0.0181 0.0005 0.8020
0.7373 0.1583 0.0005 0.1039

MOTIF filter12
letter-probability matrix: alength= 4 w= 7 nsites= 13037
0.5173 0.1702 0.0707 0.2419
0.5745 0.0021 0.1133 0.3101
0.0048 0.0001 0.9945 0.0006
0.4865 0.1728 0.0026 0.3381
0.4076 0.0509 0.2971 0.2445
0.2731 0.1014 0.4233 0.2023
0.4722 0.1110 0.2024 0.2143

MOTIF filter13
letter-probability matrix: alength= 4 w= 7 nsites= 7576
0.4693 0.1868 0.0001 0.3438
0.4284 0.1274 0.0001 0.4441
0.0869 0.3342 0.0001 0.5788
0.3433 0.3332 0.0001 0.3234
0.1025 0.0858 0.0001 0.8116
0.3094 0.0702 0.0001 0.6203
0.2135 0.7863 0.0001 0.0001

MOTIF filter14
letter-probability matrix: alength= 4 w= 7 nsites= 36940
0.1659 0.2284 0.4553 0.1503
0.2163 0.2476 0.3596 0.1765
0.2474 0.1231 0.3003 0.3291
0.0102 0.0227 0.9652 0.0019
0.3857 0.0859 0.2546 0.2737
0.0155 0.0110 0.9508 0.0227
0.2344 0.1967 0.3849 0.1840

MOTIF filter15
letter-probability matrix: alength= 4 w= 7 nsites= 5371
0.2523 0.4255 0.0002 0.3220
0.0007 0.2854 0.0002 0.7137
0.5181 0.0960 0.0002 0.3857
0.2932 0.0895 0.0002 0.6171
0.1127 0.4420 0.0002 0.4450
0.8091 0.0921 0.0002 0.0986
0.0634 0.7215 0.0002 0.2149

