MEME version 4

ALPHABET= FTIHMS

Background letter frequencies:
F 0.0505 T 0.0542 I 0.1325 H 0.1409 M 0.1145 S 0.5073

MOTIF filter0
letter-probability matrix: alength= 6 w= 7 nsites= 123988
0.0000 0.0000 0.0000 0.8395 0.0002 0.1602
0.0000 0.0000 0.0053 0.7018 0.0000 0.2929
0.0000 0.0006 0.0252 0.5697 0.0076 0.3970
0.0000 0.0015 0.0493 0.4653 0.0190 0.4650
0.0000 0.0034 0.0760 0.3562 0.0370 0.5274
0.0000 0.0069 0.0989 0.2768 0.0587 0.5587
0.0000 0.0123 0.1188 0.2161 0.0842 0.5686

MOTIF filter1
letter-probability matrix: alength= 6 w= 7 nsites= 230262
0.0000 0.0000 0.0245 0.0056 0.0000 0.9698
0.0000 0.0019 0.1164 0.0086 0.0018 0.8713
0.0000 0.0126 0.1979 0.0664 0.0493 0.6738
0.0000 0.0233 0.2150 0.1119 0.0777 0.5721
0.0000 0.0339 0.2046 0.1468 0.0921 0.5226
0.0000 0.0448 0.1873 0.1705 0.0978 0.4994
0.0000 0.0570 0.1702 0.1774 0.0984 0.4970

MOTIF filter2
letter-probability matrix: alength= 6 w= 7 nsites= 54972
0.6475 0.0000 0.0274 0.0008 0.0063 0.3180
0.5905 0.0000 0.0453 0.0067 0.0156 0.3420
0.5083 0.0000 0.0611 0.0148 0.0262 0.3896
0.4385 0.0000 0.0749 0.0241 0.0363 0.4262
0.3801 0.0000 0.0882 0.0343 0.0466 0.4508
0.3304 0.0000 0.1022 0.0440 0.0570 0.4663
0.2879 0.0000 0.1125 0.0537 0.0668 0.4791

MOTIF filter3
letter-probability matrix: alength= 6 w= 7 nsites= 41363
0.7641 0.0000 0.0059 0.0000 0.0000 0.2299
0.6582 0.0000 0.0091 0.0010 0.0010 0.3307
0.5692 0.0000 0.0292 0.0041 0.0073 0.3902
0.4934 0.0000 0.0517 0.0104 0.0180 0.4264
0.4290 0.0000 0.0727 0.0198 0.0313 0.4471
0.3744 0.0000 0.0916 0.0303 0.0444 0.4592
0.3276 0.0000 0.1065 0.0414 0.0572 0.4672

MOTIF filter4
letter-probability matrix: alength= 6 w= 7 nsites= 807
0.0012 0.9938 0.0012 0.0012 0.0012 0.0012
0.0012 0.9938 0.0012 0.0012 0.0012 0.0012
0.0012 0.9938 0.0012 0.0012 0.0012 0.0012
0.0012 0.9938 0.0012 0.0012 0.0012 0.0012
0.0012 0.9938 0.0012 0.0012 0.0012 0.0012
0.0012 0.9938 0.0012 0.0012 0.0012 0.0012
0.0012 0.9938 0.0012 0.0012 0.0012 0.0012

MOTIF filter5
letter-probability matrix: alength= 6 w= 7 nsites= 78847
0.0000 0.0006 0.0000 0.0000 0.8137 0.1857
0.0000 0.0027 0.0465 0.0194 0.8186 0.1128
0.0000 0.0038 0.0395 0.0257 0.6800 0.2510
0.0000 0.0049 0.0344 0.0319 0.5686 0.3601
0.0000 0.0073 0.0410 0.0425 0.4789 0.4302
0.0000 0.0120 0.0550 0.0565 0.4071 0.4694
0.0000 0.0199 0.0684 0.0797 0.3482 0.4837

MOTIF filter6
letter-probability matrix: alength= 6 w= 7 nsites= 68591
0.2971 0.1813 0.0000 0.0000 0.5216 0.0000
0.2971 0.1813 0.0000 0.0000 0.5216 0.0000
0.2583 0.1813 0.0000 0.0000 0.4387 0.1217
0.2254 0.1813 0.0000 0.0000 0.3696 0.2237
0.1972 0.1817 0.0089 0.0036 0.3125 0.2962
0.1734 0.1834 0.0242 0.0131 0.2674 0.3386
0.1528 0.1866 0.0401 0.0291 0.2313 0.3602

MOTIF filter7
letter-probability matrix: alength= 6 w= 7 nsites= 561060
0.0898 0.0146 0.1471 0.1130 0.0961 0.5393
0.0770 0.0196 0.1637 0.1299 0.1190 0.4907
0.0657 0.0233 0.1539 0.1321 0.1183 0.5067
0.0564 0.0278 0.1478 0.1352 0.1196 0.5132
0.0486 0.0332 0.1449 0.1322 0.1205 0.5206
0.0420 0.0398 0.1435 0.1301 0.1206 0.5239
0.0365 0.0482 0.1423 0.1289 0.1204 0.5238

MOTIF filter8
letter-probability matrix: alength= 6 w= 7 nsites= 123693
0.0000 0.0000 0.0000 1.0000 0.0000 0.0000
0.0000 0.0000 0.0000 0.8336 0.0000 0.1664
0.0000 0.0000 0.0000 0.6555 0.0000 0.3444
0.0000 0.0003 0.0214 0.4886 0.0075 0.4823
0.0000 0.0019 0.0534 0.3591 0.0259 0.5597
0.0000 0.0054 0.0882 0.2678 0.0511 0.5875
0.0000 0.0113 0.1168 0.2034 0.0807 0.5877

MOTIF filter9
letter-probability matrix: alength= 6 w= 7 nsites= 110856
0.2455 0.0000 0.5717 0.0386 0.0513 0.0929
0.2123 0.0000 0.2712 0.0386 0.0491 0.4289
0.1840 0.0003 0.1764 0.0417 0.0397 0.5580
0.1600 0.0032 0.1587 0.0566 0.0401 0.5815
0.1396 0.0084 0.1589 0.0685 0.0483 0.5763
0.1221 0.0158 0.1602 0.0860 0.0583 0.5575
0.1074 0.0249 0.1645 0.1032 0.0678 0.5322

MOTIF filter10
letter-probability matrix: alength= 6 w= 7 nsites= 42835
0.0000 0.0026 0.0000 0.0000 0.9967 0.0006
0.0000 0.0032 0.0000 0.0000 0.8358 0.1609
0.0000 0.0032 0.0000 0.0000 0.7030 0.2937
0.0000 0.0038 0.0106 0.0067 0.5928 0.3860
0.0000 0.0063 0.0279 0.0241 0.5024 0.4392
0.0000 0.0118 0.0467 0.0522 0.4287 0.4606
0.0000 0.0201 0.0619 0.0861 0.3675 0.4644

MOTIF filter11
letter-probability matrix: alength= 6 w= 7 nsites= 3089
0.0003 0.9984 0.0003 0.0003 0.0003 0.0003
0.0003 0.9984 0.0003 0.0003 0.0003 0.0003
0.0003 0.9984 0.0003 0.0003 0.0003 0.0003
0.0003 0.9984 0.0003 0.0003 0.0003 0.0003
0.0003 0.9984 0.0003 0.0003 0.0003 0.0003
0.0003 0.9984 0.0003 0.0003 0.0003 0.0003
0.0003 0.9984 0.0003 0.0003 0.0003 0.0003

