MEME version 4

ALPHABET= FTIHMS

Background letter frequencies:
F 0.0491 T 0.0530 I 0.1387 H 0.1373 M 0.1111 S 0.5107

MOTIF filter0
letter-probability matrix: alength= 6 w= 7 nsites= 54018
0.3579 0.0038 0.3038 0.0000 0.0198 0.3147
0.3579 0.0062 0.4069 0.0000 0.0725 0.1565
0.3123 0.0062 0.2387 0.0006 0.0593 0.3830
0.2742 0.0064 0.1583 0.0048 0.0505 0.5058
0.2421 0.0079 0.1413 0.0138 0.0531 0.5418
0.2144 0.0113 0.1418 0.0254 0.0626 0.5444
0.1907 0.0166 0.1469 0.0385 0.0745 0.5328

MOTIF filter1
letter-probability matrix: alength= 6 w= 7 nsites= 39381
0.1971 0.0090 0.2513 0.0305 0.0526 0.4595
0.1620 0.0196 0.3322 0.0617 0.0967 0.3279
0.1326 0.0233 0.2355 0.0869 0.0844 0.4374
0.1098 0.0266 0.1764 0.1057 0.0745 0.5070
0.0900 0.0312 0.1594 0.1181 0.0736 0.5276
0.0749 0.0375 0.1515 0.1277 0.0760 0.5324
0.0632 0.0461 0.1493 0.1355 0.0797 0.5261

MOTIF filter2
letter-probability matrix: alength= 6 w= 7 nsites= 2027
0.0005 0.9975 0.0005 0.0005 0.0005 0.0005
0.0005 0.9975 0.0005 0.0005 0.0005 0.0005
0.0005 0.9975 0.0005 0.0005 0.0005 0.0005
0.0005 0.9975 0.0005 0.0005 0.0005 0.0005
0.0005 0.9975 0.0005 0.0005 0.0005 0.0005
0.0005 0.9975 0.0005 0.0005 0.0005 0.0005
0.0005 0.9975 0.0005 0.0005 0.0005 0.0005

MOTIF filter3
letter-probability matrix: alength= 6 w= 7 nsites= 13966
0.7743 0.0228 0.2028 0.0001 0.0001 0.0001
0.7743 0.0228 0.2028 0.0001 0.0001 0.0001
0.6429 0.0228 0.1151 0.0001 0.0001 0.2192
0.5380 0.0228 0.0678 0.0001 0.0001 0.3712
0.4528 0.0231 0.0611 0.0048 0.0028 0.4553
0.3833 0.0252 0.0740 0.0154 0.0112 0.4909
0.3277 0.0273 0.0927 0.0290 0.0262 0.4971

MOTIF filter4
letter-probability matrix: alength= 6 w= 7 nsites= 475435
0.0080 0.0053 0.0821 0.1534 0.1468 0.6044
0.0000 0.0086 0.0975 0.1307 0.1545 0.6087
0.0000 0.0136 0.1266 0.1435 0.1510 0.5653
0.0000 0.0196 0.1451 0.1519 0.1485 0.5349
0.0000 0.0263 0.1499 0.1561 0.1453 0.5224
0.0000 0.0341 0.1498 0.1582 0.1409 0.5171
0.0000 0.0433 0.1487 0.1575 0.1359 0.5146

MOTIF filter5
letter-probability matrix: alength= 6 w= 7 nsites= 97874
0.0000 0.0181 0.0000 0.0000 0.0000 0.9819
0.0000 0.0369 0.2270 0.0760 0.0000 0.6601
0.0000 0.0483 0.2515 0.1253 0.0526 0.5223
0.0000 0.0568 0.2283 0.1580 0.0738 0.4830
0.0000 0.0650 0.2003 0.1797 0.0810 0.4739
0.0000 0.0741 0.1800 0.1834 0.0826 0.4799
0.0000 0.0850 0.1606 0.1821 0.0825 0.4897

MOTIF filter6
letter-probability matrix: alength= 6 w= 7 nsites= 79904
0.0000 0.0000 0.7146 0.0000 0.0272 0.2582
0.0000 0.0000 0.6735 0.0000 0.0150 0.3115
0.0000 0.0026 0.4296 0.0119 0.0233 0.5326
0.0000 0.0063 0.3000 0.0290 0.0304 0.6342
0.0000 0.0130 0.2468 0.0571 0.0404 0.6427
0.0000 0.0231 0.2198 0.0891 0.0517 0.6163
0.0000 0.0365 0.2030 0.1184 0.0601 0.5820

MOTIF filter7
letter-probability matrix: alength= 6 w= 7 nsites= 12306
0.0001 0.0659 0.7847 0.0001 0.0001 0.1492
0.0001 0.0659 0.4269 0.0001 0.0001 0.5070
0.0001 0.0668 0.2654 0.0086 0.0032 0.6559
0.0001 0.0722 0.2138 0.0386 0.0171 0.6583
0.0001 0.0804 0.2026 0.0742 0.0341 0.6086
0.0001 0.0932 0.1914 0.1069 0.0497 0.5587
0.0001 0.1065 0.1805 0.1311 0.0601 0.5218

MOTIF filter8
letter-probability matrix: alength= 6 w= 7 nsites= 244064
0.0214 0.0193 0.1076 0.0440 0.0674 0.7403
0.0177 0.0274 0.1546 0.0342 0.0669 0.6992
0.0145 0.0333 0.1717 0.0714 0.0815 0.6275
0.0121 0.0399 0.1791 0.1044 0.0921 0.5724
0.0102 0.0472 0.1766 0.1320 0.0996 0.5343
0.0085 0.0556 0.1694 0.1494 0.1031 0.5139
0.0072 0.0653 0.1604 0.1570 0.1040 0.5062

MOTIF filter9
letter-probability matrix: alength= 6 w= 7 nsites= 30212
0.9515 0.0000 0.0075 0.0017 0.0021 0.0373
0.8547 0.0000 0.0447 0.0017 0.0021 0.0969
0.7382 0.0000 0.0209 0.0017 0.0016 0.2377
0.6413 0.0000 0.0191 0.0023 0.0026 0.3346
0.5598 0.0000 0.0374 0.0049 0.0071 0.3908
0.4917 0.0000 0.0601 0.0112 0.0172 0.4197
0.4343 0.0000 0.0808 0.0198 0.0298 0.4352

MOTIF filter10
letter-probability matrix: alength= 6 w= 7 nsites= 21095
0.9163 0.0836 0.0000 0.0000 0.0000 0.0000
0.9163 0.0836 0.0000 0.0000 0.0000 0.0000
0.7994 0.0836 0.0000 0.0000 0.0000 0.1169
0.7020 0.0836 0.0000 0.0000 0.0000 0.2143
0.6197 0.0836 0.0114 0.0009 0.0017 0.2827
0.5490 0.0836 0.0315 0.0035 0.0064 0.3261
0.4883 0.0836 0.0516 0.0085 0.0147 0.3533

MOTIF filter11
letter-probability matrix: alength= 6 w= 7 nsites= 35998
0.7002 0.0000 0.2997 0.0000 0.0000 0.0000
0.6189 0.0000 0.1940 0.0000 0.0000 0.1870
0.5376 0.0000 0.1290 0.0000 0.0000 0.3333
0.4692 0.0002 0.1055 0.0043 0.0016 0.4192
0.4121 0.0012 0.1060 0.0141 0.0071 0.4595
0.3638 0.0033 0.1133 0.0271 0.0164 0.4760
0.3224 0.0060 0.1230 0.0427 0.0276 0.4783

