MEME version 4

ALPHABET= ACGU

Background letter frequencies:
A 0.2574 C 0.2213 G 0.2215 U 0.2998

MOTIF filter0
letter-probability matrix: alength= 4 w= 7 nsites= 34436
0.3003 0.1633 0.3542 0.1822
0.1403 0.0307 0.7152 0.1138
0.0133 0.0435 0.9185 0.0248
0.3325 0.1745 0.2815 0.2115
0.0551 0.0881 0.7657 0.0910
0.2924 0.2500 0.2181 0.2395
0.1476 0.2557 0.3337 0.2630

MOTIF filter1
letter-probability matrix: alength= 4 w= 7 nsites= 8373
0.2156 0.1286 0.0001 0.6557
0.1108 0.1206 0.0001 0.7685
0.0110 0.0001 0.0001 0.9888
0.0058 0.0054 0.0005 0.9883
0.0001 0.0001 0.0001 0.9996
0.0473 0.0012 0.0001 0.9514
0.1572 0.0001 0.0001 0.8425

MOTIF filter2
letter-probability matrix: alength= 4 w= 7 nsites= 10526
0.0369 0.0562 0.0192 0.8877
0.0600 0.0253 0.0156 0.8991
0.0357 0.0033 0.0001 0.9609
0.0603 0.0060 0.0001 0.9336
0.1615 0.0001 0.0001 0.8383
0.0873 0.0272 0.0001 0.8855
0.1467 0.0897 0.0431 0.7204

MOTIF filter3
letter-probability matrix: alength= 4 w= 7 nsites= 18042
0.0194 0.0707 0.8803 0.0296
0.2964 0.2071 0.1222 0.3742
0.0261 0.0993 0.8369 0.0377
0.3694 0.2353 0.1584 0.2368
0.0780 0.0650 0.7022 0.1548
0.0653 0.1387 0.7046 0.0913
0.2237 0.3292 0.2257 0.2215

MOTIF filter4
letter-probability matrix: alength= 4 w= 7 nsites= 2023
0.0286 0.2610 0.0005 0.7099
0.4371 0.0005 0.0641 0.4983
0.1983 0.5210 0.0291 0.2516
0.5535 0.0005 0.0005 0.4455
0.3177 0.6764 0.0005 0.0054
0.5392 0.4371 0.0005 0.0232
0.7558 0.2314 0.0005 0.0123

MOTIF filter5
letter-probability matrix: alength= 4 w= 7 nsites= 25954
0.3326 0.2600 0.3098 0.0976
0.3480 0.1216 0.2191 0.3113
0.0318 0.0037 0.9355 0.0290
0.2593 0.1121 0.4544 0.1742
0.1725 0.0448 0.6452 0.1374
0.1723 0.1211 0.6116 0.0951
0.1667 0.2748 0.3898 0.1688

MOTIF filter6
letter-probability matrix: alength= 4 w= 7 nsites= 19591
0.2393 0.3540 0.2862 0.1204
0.1020 0.1894 0.4768 0.2318
0.1194 0.1036 0.7193 0.0577
0.2427 0.0841 0.4233 0.2499
0.0129 0.1097 0.8525 0.0250
0.4286 0.1676 0.2787 0.1250
0.0508 0.0957 0.8135 0.0400

MOTIF filter7
letter-probability matrix: alength= 4 w= 7 nsites= 22608
0.1418 0.1228 0.6882 0.0472
0.4280 0.1138 0.1374 0.3208
0.0624 0.0413 0.8450 0.0513
0.2884 0.1823 0.3976 0.1317
0.1862 0.1931 0.4850 0.1356
0.3090 0.1636 0.3519 0.1754
0.1930 0.1766 0.4671 0.1633

MOTIF filter8
letter-probability matrix: alength= 4 w= 7 nsites= 12857
0.0239 0.4899 0.4857 0.0005
0.2044 0.1229 0.3649 0.3078
0.1437 0.4048 0.4476 0.0040
0.0711 0.0221 0.1683 0.7386
0.1868 0.4439 0.3692 0.0001
0.1354 0.0533 0.2885 0.5228
0.0879 0.3891 0.3637 0.1592

MOTIF filter9
letter-probability matrix: alength= 4 w= 7 nsites= 22068
0.1580 0.1697 0.4950 0.1773
0.3883 0.4754 0.1151 0.0212
0.3119 0.3290 0.2142 0.1450
0.5481 0.3301 0.0913 0.0304
0.2254 0.0329 0.6349 0.1068
0.2378 0.2624 0.3966 0.1032
0.1962 0.2153 0.5683 0.0203

MOTIF filter10
letter-probability matrix: alength= 4 w= 7 nsites= 8030
0.0001 0.0001 0.0107 0.9890
0.0001 0.0001 0.0001 0.9996
0.0131 0.0001 0.0395 0.9473
0.0088 0.0001 0.0121 0.9790
0.0656 0.0402 0.0466 0.8476
0.0309 0.0183 0.0001 0.9507
0.0527 0.0246 0.0443 0.8784

MOTIF filter11
letter-probability matrix: alength= 4 w= 7 nsites= 16327
0.0933 0.0530 0.7806 0.0731
0.2829 0.2359 0.3367 0.1444
0.4698 0.0617 0.0605 0.4080
0.0465 0.0250 0.8574 0.0710
0.2001 0.4011 0.1767 0.2220
0.3458 0.3082 0.1064 0.2396
0.2553 0.0867 0.4373 0.2207

MOTIF filter12
letter-probability matrix: alength= 4 w= 7 nsites= 9293
0.0128 0.0281 0.0001 0.9590
0.1173 0.0295 0.0169 0.8363
0.0137 0.0802 0.0151 0.8910
0.0492 0.0001 0.0001 0.9506
0.0221 0.0558 0.0643 0.8578
0.0001 0.0409 0.0001 0.9589
0.1026 0.0296 0.0298 0.8380

MOTIF filter13
letter-probability matrix: alength= 4 w= 7 nsites= 22553
0.3334 0.2733 0.2139 0.1793
0.2052 0.0406 0.5782 0.1761
0.0552 0.0191 0.8931 0.0327
0.2002 0.2165 0.5136 0.0697
0.3760 0.1230 0.2246 0.2765
0.1215 0.0880 0.7306 0.0599
0.2932 0.2553 0.3090 0.1425

MOTIF filter14
letter-probability matrix: alength= 4 w= 7 nsites= 10344
0.0028 0.2384 0.0001 0.7587
0.3309 0.1065 0.0001 0.5625
0.0280 0.1405 0.0001 0.8314
0.1029 0.0003 0.0001 0.8967
0.0679 0.0363 0.0073 0.8884
0.0503 0.0513 0.0001 0.8982
0.2483 0.1026 0.0006 0.6485

MOTIF filter15
letter-probability matrix: alength= 4 w= 7 nsites= 25679
0.1163 0.4874 0.0810 0.3153
0.2886 0.7113 0.0000 0.0000
0.1248 0.4145 0.1014 0.3593
0.5074 0.1779 0.3087 0.0059
0.1982 0.3606 0.2373 0.2039
0.1173 0.4452 0.3935 0.0441
0.2784 0.4276 0.2096 0.0845

