MEME version 4

ALPHABET= FTIHMS

Background letter frequencies:
F 0.0512 T 0.0527 I 0.1359 H 0.1398 M 0.1117 S 0.5087

MOTIF filter0
letter-probability matrix: alength= 6 w= 7 nsites= 127613
0.0000 0.0000 0.2435 0.0000 0.0000 0.7565
0.0000 0.0000 0.5054 0.0004 0.0156 0.4786
0.0000 0.0000 0.6392 0.0083 0.0196 0.3330
0.0000 0.0000 0.4187 0.0167 0.0104 0.5542
0.0000 0.0001 0.2207 0.0266 0.0067 0.7459
0.0000 0.0085 0.2091 0.0481 0.0340 0.7004
0.0000 0.0212 0.2098 0.0742 0.0583 0.6364

MOTIF filter1
letter-probability matrix: alength= 6 w= 7 nsites= 85544
0.0342 0.0044 0.2228 0.1165 0.0934 0.5287
0.0164 0.0086 0.2243 0.0742 0.1055 0.5709
0.0000 0.0100 0.2803 0.0896 0.1124 0.5077
0.0000 0.0178 0.2756 0.1117 0.1287 0.4662
0.0000 0.0196 0.2304 0.0837 0.1061 0.5602
0.0000 0.0262 0.1994 0.0990 0.1070 0.5683
0.0000 0.0349 0.1818 0.1128 0.1096 0.5609

MOTIF filter2
letter-probability matrix: alength= 6 w= 7 nsites= 38220
0.5444 0.0000 0.3665 0.0000 0.0000 0.0890
0.5444 0.0000 0.4266 0.0000 0.0009 0.0280
0.5439 0.0000 0.4449 0.0000 0.0043 0.0069
0.4753 0.0000 0.3284 0.0000 0.0043 0.1919
0.4174 0.0000 0.2164 0.0022 0.0041 0.3599
0.3673 0.0006 0.1585 0.0063 0.0049 0.4624
0.3250 0.0026 0.1387 0.0162 0.0101 0.5074

MOTIF filter3
letter-probability matrix: alength= 6 w= 7 nsites= 179320
0.1450 0.0000 0.2457 0.0841 0.0926 0.4326
0.1236 0.0000 0.1848 0.0786 0.0760 0.5371
0.1035 0.0000 0.0811 0.0462 0.0397 0.7295
0.0888 0.0000 0.0055 0.0000 0.0008 0.9048
0.0782 0.0067 0.0638 0.0244 0.0166 0.8103
0.0692 0.0209 0.1512 0.0754 0.0516 0.6317
0.0615 0.0361 0.1763 0.1166 0.0744 0.5352

MOTIF filter4
letter-probability matrix: alength= 6 w= 7 nsites= 41765
0.3394 0.0004 0.0287 0.0006 0.6135 0.0174
0.3356 0.0004 0.0306 0.0006 0.6117 0.0211
0.3356 0.0008 0.0401 0.0006 0.6123 0.0106
0.3356 0.0015 0.0480 0.0014 0.6134 0.0001
0.3356 0.0015 0.0430 0.0014 0.5199 0.0985
0.2969 0.0015 0.0227 0.0012 0.4398 0.2379
0.2638 0.0020 0.0198 0.0041 0.3733 0.3369

MOTIF filter5
letter-probability matrix: alength= 6 w= 7 nsites= 263156
0.0000 0.0000 0.2524 0.0000 0.0213 0.7263
0.0000 0.0000 0.2183 0.0000 0.0085 0.7731
0.0000 0.0000 0.2158 0.0000 0.0052 0.7790
0.0000 0.0009 0.2827 0.0000 0.0066 0.7097
0.0000 0.0058 0.2911 0.0215 0.0137 0.6679
0.0000 0.0205 0.2607 0.0639 0.0412 0.6136
0.0000 0.0363 0.2325 0.1014 0.0583 0.5715

MOTIF filter6
letter-probability matrix: alength= 6 w= 7 nsites= 33198
0.0000 0.3482 0.0002 0.0000 0.6424 0.0092
0.0000 0.3509 0.0000 0.0000 0.6430 0.0060
0.0000 0.3514 0.0000 0.0000 0.6479 0.0006
0.0000 0.3520 0.0000 0.0000 0.6479 0.0000
0.0000 0.3520 0.0000 0.0000 0.6479 0.0000
0.0000 0.3520 0.0000 0.0000 0.5484 0.0995
0.0000 0.3520 0.0000 0.0000 0.4655 0.1824

MOTIF filter7
letter-probability matrix: alength= 6 w= 7 nsites= 31344
0.9993 0.0000 0.0000 0.0000 0.0000 0.0005
0.9993 0.0000 0.0000 0.0000 0.0000 0.0005
0.9993 0.0005 0.0000 0.0000 0.0000 0.0000
0.9993 0.0005 0.0000 0.0000 0.0000 0.0000
0.8821 0.0005 0.0000 0.0000 0.0000 0.1172
0.7649 0.0005 0.0000 0.0000 0.0000 0.2344
0.6660 0.0005 0.0106 0.0010 0.0011 0.3207

MOTIF filter8
letter-probability matrix: alength= 6 w= 7 nsites= 215044
0.0000 0.0000 0.2076 0.0372 0.0137 0.7416
0.0000 0.0000 0.1088 0.0317 0.0120 0.8476
0.0000 0.0000 0.0522 0.0040 0.0050 0.9389
0.0000 0.0042 0.1755 0.0257 0.0062 0.7884
0.0000 0.0132 0.2388 0.0734 0.0113 0.6634
0.0000 0.0289 0.2354 0.1159 0.0462 0.5736
0.0000 0.0446 0.2165 0.1482 0.0661 0.5246

MOTIF filter9
letter-probability matrix: alength= 6 w= 7 nsites= 10213
0.0001 0.1907 0.3247 0.0020 0.0029 0.4796
0.0001 0.3031 0.0001 0.0001 0.0001 0.6965
0.0001 0.4325 0.0001 0.0001 0.0001 0.5671
0.0001 0.6293 0.0001 0.0001 0.0243 0.3461
0.0001 0.7343 0.1497 0.0507 0.0651 0.0001
0.0001 0.7343 0.0863 0.0507 0.0524 0.0762
0.0001 0.7343 0.0500 0.0507 0.0401 0.1248

MOTIF filter10
letter-probability matrix: alength= 6 w= 7 nsites= 65488
0.0567 0.0043 0.1392 0.1255 0.1267 0.5475
0.0566 0.0043 0.1810 0.0420 0.0910 0.6250
0.0339 0.0047 0.1447 0.0465 0.0948 0.6754
0.0000 0.0130 0.2013 0.0650 0.0817 0.6389
0.0000 0.0167 0.1295 0.0792 0.0731 0.7015
0.0000 0.0260 0.1501 0.1044 0.0832 0.6363
0.0000 0.0383 0.1666 0.1333 0.0959 0.5660

MOTIF filter11
letter-probability matrix: alength= 6 w= 7 nsites= 847645
0.0607 0.0195 0.1481 0.1282 0.0868 0.5567
0.0516 0.0229 0.1419 0.1364 0.0889 0.5582
0.0441 0.0272 0.1583 0.1423 0.0896 0.5386
0.0379 0.0324 0.1582 0.1411 0.0892 0.5413
0.0326 0.0384 0.1553 0.1397 0.0909 0.5432
0.0283 0.0460 0.1518 0.1437 0.0952 0.5351
0.0246 0.0552 0.1498 0.1453 0.0987 0.5263

MOTIF filter12
letter-probability matrix: alength= 6 w= 7 nsites= 60723
0.6305 0.0000 0.0004 0.3546 0.0000 0.0144
0.6181 0.0000 0.0026 0.3575 0.0000 0.0217
0.5670 0.0000 0.0033 0.3626 0.0000 0.0671
0.5159 0.0000 0.0051 0.3667 0.0005 0.1119
0.4554 0.0000 0.0162 0.3088 0.0027 0.2169
0.3949 0.0000 0.0189 0.2487 0.0046 0.3328
0.3438 0.0001 0.0334 0.2036 0.0096 0.4094

MOTIF filter13
letter-probability matrix: alength= 6 w= 7 nsites= 84502
0.4559 0.0000 0.1369 0.0000 0.0000 0.4072
0.3903 0.0000 0.0680 0.0000 0.0004 0.5413
0.3267 0.0000 0.0006 0.0000 0.0000 0.6727
0.2833 0.0000 0.1058 0.0000 0.0004 0.6105
0.2465 0.0000 0.2296 0.0026 0.0196 0.5017
0.2155 0.0058 0.1959 0.0259 0.0388 0.5181
0.1893 0.0121 0.1726 0.0465 0.0534 0.5260

MOTIF filter14
letter-probability matrix: alength= 6 w= 7 nsites= 55217
0.0000 0.0000 0.0000 0.0000 0.9943 0.0056
0.0000 0.0000 0.0000 0.0000 0.8950 0.1049
0.0000 0.0000 0.0000 0.0000 0.7770 0.2229
0.0000 0.0000 0.0000 0.0000 0.6766 0.3233
0.0000 0.0017 0.0198 0.0000 0.5779 0.4006
0.0000 0.0057 0.0382 0.0232 0.4892 0.4437
0.0000 0.0126 0.0547 0.0528 0.4164 0.4635

MOTIF filter15
letter-probability matrix: alength= 6 w= 7 nsites= 826313
0.0305 0.0200 0.1396 0.1579 0.1245 0.5275
0.0211 0.0221 0.1442 0.1583 0.1250 0.5293
0.0144 0.0268 0.1412 0.1610 0.1249 0.5318
0.0080 0.0323 0.1433 0.1667 0.1232 0.5265
0.0032 0.0383 0.1406 0.1661 0.1186 0.5331
0.0027 0.0460 0.1422 0.1647 0.1182 0.5263
0.0023 0.0553 0.1426 0.1628 0.1174 0.5196

