MEME version 4

ALPHABET= ACGU

Background letter frequencies:
A 0.2658 C 0.2243 G 0.2436 U 0.2663

MOTIF filter0
letter-probability matrix: alength= 4 w= 7 nsites= 7631
0.1354 0.0001 0.8496 0.0148
0.0013 0.0001 0.9663 0.0322
0.0001 0.0102 0.7107 0.2790
0.1213 0.1564 0.4618 0.2605
0.2516 0.1212 0.4152 0.2120
0.2783 0.1308 0.3992 0.1916
0.2891 0.1264 0.4574 0.1272

MOTIF filter1
letter-probability matrix: alength= 4 w= 7 nsites= 1397
0.6081 0.0100 0.0899 0.2919
0.0014 0.8344 0.0914 0.0728
0.3505 0.0007 0.5732 0.0757
0.8587 0.0043 0.0692 0.0678
0.0257 0.7852 0.0621 0.1271
0.1799 0.0871 0.5874 0.1456
0.5439 0.0086 0.2148 0.2327

MOTIF filter2
letter-probability matrix: alength= 4 w= 7 nsites= 10556
0.0187 0.9492 0.0126 0.0194
0.0790 0.8311 0.0211 0.0688
0.2161 0.5803 0.0535 0.1501
0.0867 0.4258 0.2422 0.2453
0.0443 0.7219 0.0729 0.1609
0.0509 0.7044 0.0499 0.1948
0.0841 0.6758 0.0304 0.2098

MOTIF filter3
letter-probability matrix: alength= 4 w= 7 nsites= 11716
0.0001 0.3067 0.0392 0.6541
0.0001 0.5559 0.0689 0.3751
0.2599 0.5948 0.0034 0.1419
0.1482 0.5440 0.1038 0.2039
0.2330 0.2666 0.1782 0.3222
0.0596 0.1456 0.0515 0.7432
0.0472 0.2644 0.2838 0.4046

MOTIF filter4
letter-probability matrix: alength= 4 w= 7 nsites= 6599
0.1174 0.1922 0.5617 0.1287
0.4745 0.2891 0.1392 0.0972
0.5108 0.0064 0.0894 0.3935
0.0002 0.0416 0.9503 0.0079
0.9874 0.0002 0.0120 0.0005
0.7312 0.0878 0.0002 0.1808
0.0002 0.4434 0.5155 0.0409

MOTIF filter5
letter-probability matrix: alength= 4 w= 7 nsites= 7080
0.9063 0.0001 0.0001 0.0935
0.6102 0.3667 0.0229 0.0001
0.0047 0.3252 0.6002 0.0699
0.4485 0.0162 0.2531 0.2822
0.2541 0.1800 0.4324 0.1335
0.3195 0.3069 0.3457 0.0280
0.5641 0.0285 0.1043 0.3031

MOTIF filter6
letter-probability matrix: alength= 4 w= 7 nsites= 42093
0.2301 0.1249 0.0071 0.6379
0.3673 0.0992 0.0228 0.5107
0.2261 0.3181 0.0038 0.4520
0.3020 0.2537 0.0000 0.4444
0.1798 0.1002 0.0000 0.7200
0.4344 0.0696 0.0285 0.4675
0.2394 0.1317 0.1289 0.5001

MOTIF filter7
letter-probability matrix: alength= 4 w= 7 nsites= 8574
0.0652 0.7111 0.0208 0.2030
0.2470 0.3578 0.1114 0.2837
0.1683 0.2972 0.4789 0.0556
0.0255 0.4767 0.2982 0.1996
0.0211 0.6854 0.1883 0.1053
0.0259 0.8115 0.0269 0.1357
0.1127 0.6960 0.0492 0.1421

MOTIF filter8
letter-probability matrix: alength= 4 w= 7 nsites= 23187
0.0404 0.7067 0.0006 0.2523
0.2951 0.3104 0.0433 0.3512
0.1106 0.1945 0.1423 0.5526
0.0935 0.4530 0.1874 0.2661
0.0590 0.3910 0.0523 0.4976
0.0389 0.4617 0.0625 0.4368
0.1975 0.4867 0.0288 0.2870

MOTIF filter9
letter-probability matrix: alength= 4 w= 7 nsites= 4799
0.0450 0.1684 0.6719 0.1147
0.0831 0.1749 0.5261 0.2159
0.2921 0.0745 0.4354 0.1980
0.1816 0.0010 0.8162 0.0012
0.0067 0.0033 0.9875 0.0025
0.0019 0.0679 0.7928 0.1374
0.1657 0.2244 0.3198 0.2900

MOTIF filter10
letter-probability matrix: alength= 4 w= 7 nsites= 22672
0.4461 0.1538 0.0018 0.3983
0.4983 0.1306 0.0105 0.3606
0.5349 0.0659 0.0013 0.3979
0.7218 0.1704 0.0029 0.1049
0.7250 0.0466 0.0020 0.2263
0.4340 0.0458 0.0196 0.5006
0.5495 0.0811 0.0719 0.2975

MOTIF filter11
letter-probability matrix: alength= 4 w= 7 nsites= 5020
0.0002 0.1885 0.7257 0.0856
0.3911 0.0589 0.5143 0.0356
0.5713 0.0627 0.0430 0.3230
0.1937 0.2637 0.4359 0.1067
0.5149 0.1545 0.1827 0.1479
0.4027 0.1015 0.2223 0.2735
0.1051 0.3869 0.4275 0.0804

MOTIF filter12
letter-probability matrix: alength= 4 w= 7 nsites= 2757
0.6157 0.0047 0.0417 0.3379
0.0004 0.0004 0.9989 0.0004
0.9507 0.0398 0.0004 0.0091
0.5440 0.2097 0.0141 0.2322
0.0072 0.2430 0.7284 0.0214
0.4940 0.1880 0.2427 0.0753
0.2564 0.2456 0.1717 0.3263

MOTIF filter13
letter-probability matrix: alength= 4 w= 7 nsites= 17551
0.0700 0.0096 0.5070 0.4134
0.0858 0.0080 0.2099 0.6963
0.0369 0.0063 0.1954 0.7613
0.0366 0.0583 0.0578 0.8473
0.1847 0.2326 0.1261 0.4566
0.2745 0.1951 0.0374 0.4930
0.1623 0.0558 0.0247 0.7572

MOTIF filter14
letter-probability matrix: alength= 4 w= 7 nsites= 1621
0.9342 0.0412 0.0098 0.0148
0.0295 0.5120 0.4351 0.0234
0.5508 0.0695 0.1532 0.2265
0.3982 0.2726 0.1686 0.1606
0.0326 0.0178 0.8357 0.1138
0.6572 0.1218 0.1015 0.1194
0.3957 0.1557 0.0117 0.4369

MOTIF filter15
letter-probability matrix: alength= 4 w= 7 nsites= 16606
0.0365 0.0624 0.0055 0.8956
0.4205 0.0627 0.0132 0.5036
0.3907 0.0208 0.0806 0.5078
0.1553 0.0921 0.3069 0.4457
0.0732 0.0849 0.0582 0.7836
0.1892 0.0150 0.0616 0.7342
0.2315 0.0694 0.0574 0.6417

