MEME version 4

ALPHABET= ACGU

Background letter frequencies:
A 0.2559 C 0.2288 G 0.2348 U 0.2806

MOTIF filter0
letter-probability matrix: alength= 4 w= 7 nsites= 16267
0.0918 0.0143 0.8027 0.0911
0.2413 0.0717 0.6870 0.0001
0.1692 0.1993 0.5941 0.0374
0.5816 0.1612 0.2258 0.0313
0.3335 0.1025 0.4017 0.1623
0.2109 0.1279 0.6546 0.0066
0.3480 0.2065 0.3391 0.1064

MOTIF filter1
letter-probability matrix: alength= 4 w= 7 nsites= 16133
0.2321 0.2010 0.5643 0.0027
0.0180 0.1914 0.6680 0.1226
0.4424 0.1286 0.3889 0.0400
0.2170 0.0183 0.5985 0.1661
0.0082 0.1726 0.8065 0.0126
0.1187 0.2626 0.5223 0.0964
0.1031 0.2367 0.6090 0.0511

MOTIF filter2
letter-probability matrix: alength= 4 w= 7 nsites= 22336
0.3486 0.0561 0.5498 0.0456
0.0265 0.0840 0.8755 0.0140
0.2587 0.1702 0.5586 0.0125
0.2150 0.1292 0.5647 0.0910
0.2560 0.0798 0.6182 0.0460
0.0443 0.2685 0.6072 0.0800
0.3056 0.3750 0.2879 0.0315

MOTIF filter3
letter-probability matrix: alength= 4 w= 7 nsites= 15672
0.6572 0.0021 0.0045 0.3362
0.2702 0.3155 0.0510 0.3634
0.2897 0.0578 0.0124 0.6400
0.4691 0.0013 0.0360 0.4936
0.1561 0.1944 0.0154 0.6341
0.4177 0.0045 0.0004 0.5774
0.2391 0.0467 0.0068 0.7074

MOTIF filter4
letter-probability matrix: alength= 4 w= 7 nsites= 8232
0.0017 0.2075 0.6127 0.1781
0.0465 0.6400 0.1354 0.1781
0.0871 0.8026 0.0515 0.0589
0.1593 0.3913 0.0447 0.4047
0.0588 0.1574 0.0790 0.7048
0.0015 0.5420 0.2165 0.2400
0.0369 0.7606 0.1268 0.0758

MOTIF filter5
letter-probability matrix: alength= 4 w= 7 nsites= 13742
0.4256 0.1905 0.1678 0.2161
0.1510 0.3430 0.3378 0.1683
0.3162 0.3644 0.1419 0.1775
0.3455 0.2794 0.2560 0.1191
0.0380 0.0757 0.0026 0.8836
0.0129 0.9852 0.0015 0.0004
0.6025 0.0968 0.0388 0.2619

MOTIF filter6
letter-probability matrix: alength= 4 w= 7 nsites= 25942
0.2687 0.1541 0.0240 0.5533
0.3921 0.0170 0.0005 0.5903
0.2451 0.0539 0.0528 0.6482
0.3191 0.1744 0.0007 0.5057
0.3566 0.1756 0.1097 0.3582
0.0999 0.0896 0.0020 0.8085
0.1612 0.1788 0.2157 0.4443

MOTIF filter7
letter-probability matrix: alength= 4 w= 7 nsites= 11141
0.0272 0.9567 0.0143 0.0019
0.0764 0.7735 0.0090 0.1410
0.1245 0.7891 0.0233 0.0631
0.6209 0.0781 0.0424 0.2586
0.0792 0.1623 0.6466 0.1119
0.1578 0.5044 0.2103 0.1275
0.1616 0.4039 0.1121 0.3225

MOTIF filter8
letter-probability matrix: alength= 4 w= 7 nsites= 8237
0.6647 0.0097 0.0897 0.2359
0.4658 0.1149 0.1859 0.2333
0.0743 0.6664 0.0991 0.1602
0.8611 0.0979 0.0001 0.0409
0.2242 0.2016 0.2500 0.3242
0.2424 0.3799 0.0727 0.3049
0.7904 0.1854 0.0078 0.0164

MOTIF filter9
letter-probability matrix: alength= 4 w= 7 nsites= 7951
0.4299 0.3042 0.1443 0.1216
0.1962 0.3646 0.1908 0.2484
0.7288 0.0525 0.0034 0.2152
0.1991 0.3663 0.0464 0.3882
0.1272 0.2666 0.0216 0.5845
0.9407 0.0001 0.0354 0.0238
0.0055 0.8891 0.0282 0.0772

MOTIF filter10
letter-probability matrix: alength= 4 w= 7 nsites= 13356
0.2171 0.0241 0.1061 0.6527
0.1016 0.1511 0.0060 0.7412
0.3328 0.0118 0.1572 0.4982
0.2710 0.0733 0.1211 0.5347
0.1022 0.1013 0.0153 0.7812
0.6175 0.0001 0.2406 0.1418
0.6180 0.1957 0.0062 0.1800

MOTIF filter11
letter-probability matrix: alength= 4 w= 7 nsites= 12069
0.3747 0.0207 0.1669 0.4377
0.0158 0.0415 0.9411 0.0016
0.2974 0.2009 0.1975 0.3043
0.1079 0.2040 0.6800 0.0080
0.1622 0.2214 0.2264 0.3900
0.0131 0.3087 0.6573 0.0210
0.1247 0.5708 0.1931 0.1114

MOTIF filter12
letter-probability matrix: alength= 4 w= 7 nsites= 13858
0.2902 0.2520 0.4569 0.0009
0.3208 0.1913 0.3789 0.1089
0.1873 0.0031 0.7676 0.0421
0.2695 0.1686 0.5218 0.0401
0.1120 0.4344 0.2803 0.1732
0.2539 0.2913 0.4042 0.0506
0.2246 0.6837 0.0698 0.0220

MOTIF filter13
letter-probability matrix: alength= 4 w= 7 nsites= 24664
0.4023 0.1018 0.4434 0.0525
0.1603 0.1137 0.5624 0.1635
0.3239 0.1643 0.5068 0.0050
0.3176 0.0393 0.4040 0.2391
0.1476 0.0024 0.8252 0.0247
0.1794 0.0342 0.7751 0.0113
0.3397 0.1551 0.4083 0.0970

MOTIF filter14
letter-probability matrix: alength= 4 w= 7 nsites= 5415
0.3563 0.1903 0.0886 0.3648
0.6326 0.0085 0.1441 0.2148
0.3438 0.4606 0.0681 0.1275
0.0869 0.1115 0.0002 0.8014
0.9090 0.0094 0.0410 0.0406
0.1513 0.7695 0.0221 0.0570
0.2810 0.0312 0.0009 0.6868

MOTIF filter15
letter-probability matrix: alength= 4 w= 7 nsites= 8983
0.2475 0.2686 0.1566 0.3274
0.2745 0.0365 0.2635 0.4255
0.0386 0.4861 0.3779 0.0974
0.0131 0.6347 0.1256 0.2265
0.0122 0.9756 0.0006 0.0116
0.1842 0.6217 0.0013 0.1928
0.0194 0.6011 0.2034 0.1761

