MEME version 4

ALPHABET= ACGU

Background letter frequencies:
A 0.2529 C 0.2323 G 0.2388 U 0.2760

MOTIF filter0
letter-probability matrix: alength= 4 w= 7 nsites= 10033
0.1723 0.0001 0.0195 0.8081
0.0104 0.0776 0.1186 0.7935
0.0025 0.2050 0.0661 0.7264
0.0554 0.0491 0.0446 0.8509
0.0028 0.0816 0.0105 0.9052
0.1622 0.0014 0.2446 0.5918
0.1183 0.0313 0.0079 0.8426

MOTIF filter1
letter-probability matrix: alength= 4 w= 7 nsites= 10710
0.3215 0.0200 0.6540 0.0045
0.0007 0.0329 0.9607 0.0058
0.0002 0.3859 0.5487 0.0651
0.0315 0.6235 0.2189 0.1262
0.2620 0.2752 0.2361 0.2266
0.2585 0.1054 0.6187 0.0174
0.1569 0.0556 0.7749 0.0126

MOTIF filter2
letter-probability matrix: alength= 4 w= 7 nsites= 7326
0.4411 0.1205 0.3939 0.0446
0.1954 0.4973 0.1411 0.1663
0.3351 0.0484 0.2802 0.3363
0.1738 0.5595 0.2199 0.0468
0.2030 0.7314 0.0016 0.0640
0.3154 0.5533 0.0477 0.0835
0.4108 0.3900 0.1156 0.0836

MOTIF filter3
letter-probability matrix: alength= 4 w= 7 nsites= 2055
0.0185 0.0447 0.9364 0.0005
0.5721 0.3235 0.0534 0.0510
0.4492 0.2404 0.0005 0.3099
0.0670 0.1661 0.7329 0.0340
0.3074 0.5061 0.0627 0.1238
0.3040 0.0010 0.0068 0.6882
0.0223 0.2797 0.5532 0.1447

MOTIF filter4
letter-probability matrix: alength= 4 w= 7 nsites= 3146
0.0521 0.0003 0.8746 0.0730
0.3238 0.6749 0.0003 0.0010
0.5990 0.3740 0.0048 0.0222
0.1679 0.2311 0.4321 0.1689
0.0530 0.2308 0.4403 0.2759
0.0489 0.1171 0.3590 0.4749
0.4156 0.0721 0.2441 0.2683

MOTIF filter5
letter-probability matrix: alength= 4 w= 7 nsites= 328621
0.2507 0.2295 0.2419 0.2779
0.2511 0.2380 0.2375 0.2733
0.2418 0.2335 0.2277 0.2970
0.2424 0.2393 0.2481 0.2702
0.2659 0.2407 0.2316 0.2619
0.2466 0.2231 0.2376 0.2927
0.2480 0.2255 0.2437 0.2827

MOTIF filter6
letter-probability matrix: alength= 4 w= 7 nsites= 5697
0.0272 0.3882 0.0030 0.5817
0.4897 0.2158 0.1901 0.1044
0.2480 0.0326 0.3873 0.3320
0.0972 0.1944 0.7065 0.0019
0.0379 0.1733 0.2856 0.5032
0.0005 0.6230 0.0491 0.3273
0.0502 0.5108 0.0928 0.3463

MOTIF filter7
letter-probability matrix: alength= 4 w= 7 nsites= 16791
0.3699 0.3564 0.1982 0.0754
0.5120 0.2223 0.0034 0.2623
0.4097 0.5718 0.0001 0.0184
0.5364 0.1829 0.0008 0.2800
0.3176 0.5817 0.0489 0.0518
0.8394 0.0947 0.0115 0.0545
0.4212 0.3034 0.1944 0.0810

MOTIF filter8
letter-probability matrix: alength= 4 w= 7 nsites= 7062
0.0028 0.3029 0.1415 0.5528
0.0017 0.3305 0.0750 0.5928
0.0115 0.0534 0.2131 0.7220
0.1309 0.2311 0.0052 0.6327
0.2073 0.0675 0.0020 0.7232
0.0144 0.0044 0.3459 0.6353
0.1145 0.2154 0.0001 0.6700

MOTIF filter9
letter-probability matrix: alength= 4 w= 7 nsites= 2538
0.2946 0.1338 0.0952 0.4764
0.1711 0.0629 0.0008 0.7651
0.1054 0.0142 0.7958 0.0846
0.3450 0.3438 0.0063 0.3049
0.1837 0.2907 0.1050 0.4205
0.0004 0.0067 0.9921 0.0008
0.6491 0.3478 0.0024 0.0008

MOTIF filter10
letter-probability matrix: alength= 4 w= 7 nsites= 8000
0.1952 0.0562 0.4283 0.3203
0.0971 0.8127 0.0887 0.0015
0.3912 0.2060 0.0116 0.3912
0.4415 0.3907 0.0733 0.0945
0.5932 0.1073 0.2050 0.0945
0.0196 0.4554 0.4891 0.0359
0.9124 0.0795 0.0080 0.0001

MOTIF filter11
letter-probability matrix: alength= 4 w= 7 nsites= 8129
0.7666 0.0519 0.0446 0.1368
0.6501 0.0540 0.2810 0.0150
0.9829 0.0027 0.0143 0.0001
0.1366 0.0166 0.7093 0.1375
0.0582 0.3563 0.2222 0.3633
0.0346 0.5227 0.3128 0.1300
0.3162 0.2437 0.0521 0.3879

MOTIF filter12
letter-probability matrix: alength= 4 w= 7 nsites= 2689
0.6643 0.1619 0.0063 0.1675
0.1006 0.1946 0.0004 0.7044
0.0843 0.0642 0.6821 0.1693
0.0215 0.5451 0.4322 0.0011
0.0873 0.3646 0.0126 0.5355
0.3643 0.0093 0.6257 0.0007
0.0464 0.8908 0.0160 0.0468

MOTIF filter13
letter-probability matrix: alength= 4 w= 7 nsites= 4120
0.0041 0.9879 0.0002 0.0078
0.2027 0.1916 0.0058 0.5999
0.2485 0.0095 0.2393 0.5027
0.0856 0.2876 0.1613 0.4656
0.1695 0.4328 0.0781 0.3196
0.3191 0.0015 0.0824 0.5970
0.3630 0.1688 0.2338 0.2345

MOTIF filter14
letter-probability matrix: alength= 4 w= 7 nsites= 4725
0.6139 0.0036 0.2121 0.1704
0.1939 0.7211 0.0154 0.0696
0.0820 0.1800 0.0040 0.7340
0.0008 0.0008 0.3462 0.6521
0.0002 0.0146 0.0027 0.9824
0.0482 0.0116 0.4652 0.4749
0.1389 0.1880 0.0002 0.6729

MOTIF filter15
letter-probability matrix: alength= 4 w= 7 nsites= 7079
0.7631 0.0713 0.0020 0.1636
0.3126 0.3047 0.1187 0.2640
0.2342 0.0827 0.0061 0.6770
0.0308 0.9017 0.0001 0.0673
0.1734 0.4597 0.0001 0.3668
0.1478 0.6924 0.0001 0.1597
0.6030 0.2156 0.0006 0.1809

