MEME version 4

ALPHABET= ACGU

Background letter frequencies:
A 0.2543 C 0.2237 G 0.2240 U 0.2980

MOTIF filter0
letter-probability matrix: alength= 4 w= 7 nsites= 14922
0.0001 0.1304 0.0001 0.8694
0.1231 0.0001 0.0324 0.8445
0.2334 0.0413 0.0001 0.7252
0.1006 0.1420 0.0001 0.7573
0.2073 0.1455 0.1265 0.5208
0.2281 0.1457 0.1290 0.4972
0.2406 0.1501 0.1436 0.4657

MOTIF filter1
letter-probability matrix: alength= 4 w= 7 nsites= 13992
0.2517 0.0106 0.0109 0.7268
0.1255 0.2721 0.0001 0.6023
0.3464 0.1217 0.0612 0.4707
0.2531 0.1250 0.0001 0.6217
0.2533 0.1458 0.1360 0.4649
0.2374 0.1533 0.1386 0.4707
0.2489 0.1500 0.1436 0.4576

MOTIF filter2
letter-probability matrix: alength= 4 w= 7 nsites= 35639
0.1907 0.1379 0.6520 0.0194
0.2842 0.1693 0.5044 0.0421
0.2413 0.0580 0.5055 0.1952
0.1642 0.1589 0.6672 0.0097
0.2577 0.2266 0.3185 0.1972
0.2338 0.2287 0.3256 0.2119
0.2260 0.2272 0.3373 0.2095

MOTIF filter3
letter-probability matrix: alength= 4 w= 7 nsites= 14840
0.0001 0.0001 0.0001 0.9998
0.0001 0.0001 0.0001 0.9998
0.3042 0.0001 0.0001 0.6957
0.2648 0.2015 0.0001 0.5337
0.2522 0.1510 0.1215 0.4753
0.2413 0.1463 0.1364 0.4761
0.2557 0.1446 0.1450 0.4548

MOTIF filter4
letter-probability matrix: alength= 4 w= 7 nsites= 49678
0.2398 0.1297 0.3127 0.3178
0.3330 0.0925 0.5745 0.0000
0.4707 0.1544 0.3143 0.0606
0.4086 0.0592 0.4976 0.0345
0.2722 0.2046 0.3184 0.2049
0.2675 0.2250 0.2614 0.2460
0.2602 0.2240 0.2693 0.2465

MOTIF filter5
letter-probability matrix: alength= 4 w= 7 nsites= 14622
0.4714 0.0700 0.4385 0.0201
0.4230 0.0039 0.4446 0.1285
0.1737 0.0437 0.7344 0.0482
0.2941 0.0730 0.3464 0.2865
0.2715 0.1975 0.3058 0.2252
0.2756 0.2057 0.2628 0.2559
0.2598 0.2085 0.2759 0.2558

MOTIF filter6
letter-probability matrix: alength= 4 w= 7 nsites= 23316
0.5902 0.2023 0.0602 0.1473
0.6009 0.1503 0.1810 0.0678
0.6473 0.1742 0.1353 0.0432
0.7854 0.0981 0.0732 0.0434
0.3546 0.1910 0.2063 0.2482
0.3481 0.1917 0.1992 0.2610
0.3234 0.2109 0.1784 0.2873

MOTIF filter7
letter-probability matrix: alength= 4 w= 7 nsites= 49377
0.0992 0.1507 0.5753 0.1748
0.0510 0.3414 0.6076 0.0000
0.3060 0.2537 0.2121 0.2282
0.0432 0.3761 0.5640 0.0167
0.2281 0.2787 0.2697 0.2235
0.2103 0.2791 0.2942 0.2164
0.2008 0.2726 0.3193 0.2073

MOTIF filter8
letter-probability matrix: alength= 4 w= 7 nsites= 40585
0.4206 0.1895 0.3747 0.0151
0.4996 0.3689 0.0313 0.1001
0.2610 0.0708 0.6619 0.0064
0.4612 0.1681 0.3707 0.0000
0.2742 0.2391 0.2750 0.2118
0.2477 0.2367 0.2908 0.2247
0.2470 0.2440 0.2777 0.2313

MOTIF filter9
letter-probability matrix: alength= 4 w= 7 nsites= 19038
0.0377 0.0001 0.0001 0.9622
0.1300 0.0345 0.0001 0.8355
0.0683 0.1342 0.0485 0.7491
0.0875 0.1207 0.1164 0.6754
0.2218 0.1467 0.1324 0.4991
0.2386 0.1509 0.1353 0.4752
0.2480 0.1431 0.1451 0.4638

MOTIF filter10
letter-probability matrix: alength= 4 w= 7 nsites= 23808
0.4357 0.0000 0.3949 0.1693
0.0137 0.2767 0.7095 0.0000
0.3093 0.2099 0.4747 0.0060
0.3442 0.3366 0.2721 0.0471
0.2629 0.2225 0.2959 0.2187
0.2225 0.2377 0.3266 0.2131
0.2339 0.2246 0.3158 0.2258

MOTIF filter11
letter-probability matrix: alength= 4 w= 7 nsites= 35731
0.2156 0.3744 0.1999 0.2102
0.0004 0.7066 0.2904 0.0026
0.8353 0.1348 0.0114 0.0184
0.1334 0.1535 0.5099 0.2031
0.2262 0.2641 0.3094 0.2003
0.2234 0.2824 0.2531 0.2411
0.2276 0.2697 0.2512 0.2516

