MEME version 4

ALPHABET= FTIHMS

Background letter frequencies:
F 0.0514 T 0.0522 I 0.1378 H 0.1380 M 0.1080 S 0.5126

MOTIF filter0
letter-probability matrix: alength= 6 w= 7 nsites= 14561
0.0527 0.0001 0.3581 0.0373 0.0333 0.5185
0.0461 0.0068 0.1701 0.0266 0.0112 0.7392
0.0461 0.0068 0.2271 0.0266 0.0391 0.6543
0.0461 0.0170 0.1555 0.0325 0.0161 0.7328
0.0001 0.0386 0.2475 0.0472 0.0473 0.6193
0.0001 0.0520 0.2360 0.0693 0.0736 0.5690
0.0001 0.0651 0.2105 0.0877 0.0905 0.5461

MOTIF filter1
letter-probability matrix: alength= 6 w= 7 nsites= 129013
0.0000 0.0000 0.0918 0.0000 0.0220 0.8862
0.0000 0.0000 0.0000 0.0000 0.0137 0.9863
0.0000 0.0000 0.0000 0.0000 0.0193 0.9807
0.0000 0.0042 0.0027 0.0050 0.0017 0.9864
0.0000 0.0220 0.1328 0.0652 0.0239 0.7561
0.0000 0.0441 0.2043 0.1308 0.0642 0.5566
0.0000 0.0624 0.2036 0.1752 0.0795 0.4794

MOTIF filter2
letter-probability matrix: alength= 6 w= 7 nsites= 75016
0.2700 0.0000 0.0007 0.3298 0.0000 0.3995
0.2677 0.0000 0.0188 0.2075 0.0058 0.5003
0.2677 0.0002 0.0670 0.1159 0.0178 0.5314
0.2261 0.0011 0.1216 0.0460 0.0282 0.5771
0.1909 0.0034 0.1022 0.0000 0.0290 0.6744
0.1686 0.0089 0.1339 0.0020 0.0679 0.6187
0.1496 0.0162 0.1576 0.0051 0.0992 0.5722

MOTIF filter3
letter-probability matrix: alength= 6 w= 7 nsites= 10850
0.0001 0.9995 0.0001 0.0001 0.0001 0.0001
0.0001 0.9995 0.0001 0.0001 0.0001 0.0001
0.0001 0.9995 0.0001 0.0001 0.0001 0.0001
0.0001 0.9995 0.0001 0.0001 0.0001 0.0001
0.0001 0.9995 0.0001 0.0001 0.0001 0.0001
0.0001 0.9995 0.0001 0.0001 0.0001 0.0001
0.0001 0.9995 0.0001 0.0001 0.0001 0.0001

MOTIF filter4
letter-probability matrix: alength= 6 w= 7 nsites= 10917
0.0001 0.9934 0.0001 0.0010 0.0001 0.0053
0.0001 0.9934 0.0001 0.0010 0.0001 0.0053
0.0001 0.9934 0.0001 0.0033 0.0030 0.0001
0.0001 0.9934 0.0001 0.0033 0.0030 0.0001
0.0001 0.9934 0.0001 0.0033 0.0030 0.0001
0.0001 0.9934 0.0001 0.0028 0.0026 0.0010
0.0001 0.9934 0.0001 0.0013 0.0023 0.0028

MOTIF filter5
letter-probability matrix: alength= 6 w= 7 nsites= 37588
0.0000 0.0000 0.2684 0.4534 0.0276 0.2505
0.0000 0.0000 0.2704 0.5199 0.0863 0.1232
0.0000 0.0000 0.2210 0.5604 0.0916 0.1270
0.0000 0.0000 0.2177 0.5720 0.0934 0.1168
0.0000 0.0001 0.1957 0.4748 0.0875 0.2419
0.0000 0.0009 0.1270 0.3779 0.0706 0.4235
0.0000 0.0026 0.1086 0.3028 0.0597 0.5262

MOTIF filter6
letter-probability matrix: alength= 6 w= 7 nsites= 3505
0.0003 0.0003 0.0003 0.0003 0.2336 0.7653
0.0003 0.0003 0.0003 0.0003 0.3409 0.6579
0.0003 0.0003 0.0273 0.5460 0.4258 0.0003
0.0003 0.0003 0.0273 0.5460 0.4258 0.0003
0.0003 0.0003 0.0273 0.5460 0.4258 0.0003
0.0003 0.0003 0.0131 0.5218 0.3512 0.1134
0.0003 0.0003 0.0071 0.3589 0.2865 0.3469

MOTIF filter7
letter-probability matrix: alength= 6 w= 7 nsites= 11034
0.0001 0.9829 0.0091 0.0001 0.0069 0.0009
0.0001 0.9829 0.0001 0.0001 0.0069 0.0100
0.0001 0.9837 0.0001 0.0001 0.0069 0.0091
0.0001 0.9841 0.0001 0.0088 0.0069 0.0001
0.0001 0.9841 0.0001 0.0088 0.0069 0.0001
0.0001 0.9841 0.0001 0.0088 0.0058 0.0012
0.0001 0.9841 0.0001 0.0085 0.0052 0.0021

MOTIF filter8
letter-probability matrix: alength= 6 w= 7 nsites= 25173
0.5689 0.4310 0.0000 0.0000 0.0000 0.0000
0.5689 0.4310 0.0000 0.0000 0.0000 0.0000
0.5689 0.4310 0.0000 0.0000 0.0000 0.0000
0.5689 0.4310 0.0000 0.0000 0.0000 0.0000
0.5689 0.4310 0.0000 0.0000 0.0000 0.0000
0.5025 0.4310 0.0000 0.0000 0.0000 0.0664
0.4459 0.4310 0.0000 0.0000 0.0000 0.1230

MOTIF filter9
letter-probability matrix: alength= 6 w= 7 nsites= 130797
0.0000 0.0000 0.3109 0.4884 0.0006 0.2001
0.0000 0.0000 0.0777 0.4096 0.0000 0.5126
0.0000 0.0000 0.0184 0.3287 0.0070 0.6459
0.0000 0.0009 0.1222 0.2999 0.0270 0.5500
0.0000 0.0025 0.0663 0.2245 0.0443 0.6625
0.0000 0.0119 0.1103 0.1957 0.0677 0.6144
0.0000 0.0228 0.1342 0.1753 0.0878 0.5800

MOTIF filter10
letter-probability matrix: alength= 6 w= 7 nsites= 293178
0.0738 0.0025 0.1731 0.1365 0.0822 0.5319
0.0731 0.0058 0.1918 0.1813 0.0702 0.4779
0.0725 0.0087 0.1669 0.1596 0.0606 0.5318
0.0725 0.0133 0.1427 0.1777 0.0670 0.5268
0.0635 0.0205 0.1143 0.1866 0.0735 0.5416
0.0557 0.0284 0.1279 0.1804 0.0800 0.5276
0.0490 0.0386 0.1343 0.1777 0.0858 0.5146

MOTIF filter11
letter-probability matrix: alength= 6 w= 7 nsites= 28527
0.0000 0.3295 0.0000 0.0000 0.6405 0.0298
0.0000 0.3295 0.0000 0.0000 0.6453 0.0251
0.0000 0.3299 0.0017 0.0000 0.6683 0.0000
0.0000 0.3299 0.0017 0.0000 0.6683 0.0000
0.0000 0.3299 0.0017 0.0000 0.6683 0.0000
0.0000 0.3299 0.0007 0.0000 0.5610 0.1083
0.0000 0.3299 0.0003 0.0000 0.4705 0.1992

MOTIF filter12
letter-probability matrix: alength= 6 w= 7 nsites= 167034
0.0000 0.0000 0.0004 0.0000 0.2188 0.7807
0.0000 0.0001 0.0147 0.0000 0.1549 0.8303
0.0000 0.0168 0.0935 0.0000 0.0978 0.7918
0.0000 0.0250 0.0099 0.0000 0.0287 0.9364
0.0000 0.0456 0.0665 0.0087 0.0416 0.8375
0.0000 0.0651 0.1554 0.0810 0.0650 0.6334
0.0000 0.0844 0.1776 0.1393 0.0742 0.5245

MOTIF filter13
letter-probability matrix: alength= 6 w= 7 nsites= 39841
0.0000 0.0000 0.0584 0.0000 0.9233 0.0182
0.0000 0.0000 0.0597 0.0000 0.9122 0.0281
0.0000 0.0000 0.0619 0.0086 0.8983 0.0312
0.0000 0.0000 0.0666 0.0156 0.7928 0.1250
0.0000 0.0003 0.0759 0.0213 0.6868 0.2157
0.0000 0.0005 0.0560 0.0253 0.5723 0.3459
0.0000 0.0024 0.0537 0.0334 0.4793 0.4312

MOTIF filter14
letter-probability matrix: alength= 6 w= 7 nsites= 16498
0.0001 0.0001 0.6145 0.0328 0.0001 0.3526
0.0001 0.0001 0.7267 0.0524 0.0001 0.2207
0.0001 0.0001 0.7986 0.0860 0.0001 0.1152
0.0001 0.0001 0.8793 0.0918 0.0001 0.0287
0.0001 0.0001 0.8419 0.0969 0.0005 0.0607
0.0001 0.0001 0.5102 0.0765 0.0004 0.4127
0.0001 0.0002 0.3243 0.0560 0.0003 0.6191

MOTIF filter15
letter-probability matrix: alength= 6 w= 7 nsites= 40506
0.0000 0.0000 0.6273 0.0000 0.0000 0.3726
0.0000 0.0000 0.9466 0.0000 0.0000 0.0533
0.0000 0.0000 0.9935 0.0000 0.0000 0.0064
0.0000 0.0000 0.9169 0.0000 0.0000 0.0830
0.0000 0.0000 0.7460 0.0000 0.0000 0.2539
0.0000 0.0004 0.4666 0.0018 0.0006 0.5307
0.0000 0.0023 0.3144 0.0087 0.0040 0.6705

