MEME version 4

ALPHABET= FTIHMS

Background letter frequencies:
F 0.0526 T 0.0531 I 0.1374 H 0.1369 M 0.1086 S 0.5114

MOTIF filter0
letter-probability matrix: alength= 6 w= 7 nsites= 1192
0.0008 0.0008 0.0008 0.0008 0.0008 0.9958
0.0008 0.8706 0.0008 0.1260 0.0008 0.0008
0.0008 0.8706 0.0008 0.1260 0.0008 0.0008
0.0008 0.8706 0.0008 0.1260 0.0008 0.0008
0.0008 0.8706 0.0008 0.1219 0.0008 0.0050
0.0008 0.8706 0.0008 0.0743 0.0008 0.0526
0.0008 0.8706 0.0042 0.0467 0.0008 0.0768

MOTIF filter1
letter-probability matrix: alength= 6 w= 7 nsites= 38791
0.9999 0.0000 0.0000 0.0000 0.0000 0.0000
0.9999 0.0000 0.0000 0.0000 0.0000 0.0000
0.8619 0.0000 0.0000 0.0000 0.0000 0.1380
0.7470 0.0000 0.0000 0.0000 0.0000 0.2529
0.6506 0.0000 0.0117 0.0012 0.0014 0.3351
0.5689 0.0000 0.0326 0.0048 0.0072 0.3864
0.4994 0.0000 0.0559 0.0111 0.0181 0.4155

MOTIF filter2
letter-probability matrix: alength= 6 w= 7 nsites= 9395
0.0001 0.0093 0.0084 0.0001 0.0001 0.9820
0.0001 0.0241 0.0001 0.0001 0.0001 0.9754
0.0001 0.0373 0.1278 0.1183 0.0181 0.6984
0.0001 0.0519 0.1781 0.2110 0.0357 0.5231
0.0001 0.0678 0.1784 0.2797 0.0443 0.4298
0.0001 0.0780 0.1576 0.3223 0.0447 0.3973
0.0001 0.0858 0.1368 0.3273 0.0429 0.4071

MOTIF filter3
letter-probability matrix: alength= 6 w= 7 nsites= 82180
0.4062 0.0000 0.0085 0.0006 0.0001 0.5846
0.3520 0.0000 0.0139 0.0027 0.0079 0.6235
0.3065 0.0053 0.0912 0.0502 0.0298 0.5169
0.2679 0.0100 0.1251 0.0873 0.0467 0.4629
0.2351 0.0137 0.1331 0.1153 0.0573 0.4455
0.2074 0.0162 0.1328 0.1348 0.0637 0.4451
0.1838 0.0187 0.1322 0.1411 0.0674 0.4569

MOTIF filter4
letter-probability matrix: alength= 6 w= 7 nsites= 171162
0.0000 0.0000 0.1415 0.6165 0.1506 0.0914
0.0000 0.0000 0.0103 0.5800 0.1248 0.2849
0.0000 0.0012 0.0194 0.4684 0.1035 0.4075
0.0000 0.0037 0.0463 0.3723 0.0937 0.4840
0.0000 0.0073 0.0693 0.2901 0.0901 0.5431
0.0000 0.0125 0.0917 0.2335 0.0939 0.5684
0.0000 0.0204 0.1097 0.1936 0.1041 0.5721

MOTIF filter5
letter-probability matrix: alength= 6 w= 7 nsites= 44072
0.0000 0.0051 0.0000 0.9445 0.0503 0.0000
0.0000 0.0051 0.0000 0.9445 0.0503 0.0000
0.0000 0.0051 0.0000 0.7067 0.0402 0.2479
0.0000 0.0051 0.0000 0.5309 0.0317 0.4322
0.0000 0.0061 0.0262 0.3890 0.0403 0.5384
0.0000 0.0087 0.0600 0.2998 0.0613 0.5702
0.0000 0.0150 0.0901 0.2326 0.0908 0.5714

MOTIF filter6
letter-probability matrix: alength= 6 w= 7 nsites= 74138
0.0000 0.1366 0.0000 0.0244 0.5491 0.2898
0.0000 0.1396 0.0000 0.0635 0.4716 0.3254
0.0000 0.1423 0.0286 0.0880 0.3974 0.3437
0.0000 0.1457 0.0459 0.1145 0.3374 0.3565
0.0000 0.1506 0.0568 0.1307 0.2886 0.3733
0.0000 0.1561 0.0634 0.1416 0.2476 0.3913
0.0000 0.1630 0.0684 0.1514 0.2166 0.4006

MOTIF filter7
letter-probability matrix: alength= 6 w= 7 nsites= 339
0.0029 0.0029 0.0029 0.2319 0.0029 0.7565
0.0029 0.0667 0.0029 0.9217 0.0029 0.0029
0.0029 0.0667 0.0029 0.9217 0.0029 0.0029
0.0029 0.0667 0.0029 0.9188 0.0029 0.0058
0.0029 0.0667 0.0029 0.7913 0.0029 0.1333
0.0029 0.0667 0.0029 0.5420 0.0058 0.3797
0.0029 0.0725 0.0029 0.3449 0.0841 0.4928

MOTIF filter8
letter-probability matrix: alength= 6 w= 7 nsites= 127148
0.2625 0.0001 0.0060 0.0000 0.3831 0.3481
0.2275 0.0008 0.0000 0.0000 0.3244 0.4472
0.1981 0.0026 0.0398 0.0211 0.2779 0.4605
0.1732 0.0053 0.0674 0.0478 0.2425 0.4638
0.1520 0.0094 0.0841 0.0769 0.2142 0.4635
0.1341 0.0142 0.0951 0.1060 0.1913 0.4594
0.1188 0.0200 0.1021 0.1282 0.1723 0.4586

MOTIF filter9
letter-probability matrix: alength= 6 w= 7 nsites= 15180
0.0001 0.9997 0.0001 0.0001 0.0001 0.0001
0.0001 0.9997 0.0001 0.0001 0.0001 0.0001
0.0001 0.9997 0.0001 0.0001 0.0001 0.0001
0.0001 0.9997 0.0001 0.0001 0.0001 0.0001
0.0001 0.9997 0.0001 0.0001 0.0001 0.0001
0.0001 0.9997 0.0001 0.0001 0.0001 0.0001
0.0001 0.9997 0.0001 0.0001 0.0001 0.0001

MOTIF filter10
letter-probability matrix: alength= 6 w= 7 nsites= 48104
0.6939 0.0000 0.0000 0.0010 0.0011 0.3039
0.6013 0.0000 0.0223 0.0039 0.0060 0.3665
0.5235 0.0000 0.0465 0.0093 0.0151 0.4055
0.4577 0.0000 0.0689 0.0175 0.0271 0.4289
0.4016 0.0000 0.0879 0.0273 0.0395 0.4437
0.3544 0.0000 0.1030 0.0375 0.0522 0.4529
0.3140 0.0000 0.1160 0.0474 0.0628 0.4598

MOTIF filter11
letter-probability matrix: alength= 6 w= 7 nsites= 47755
0.0000 0.0000 0.0000 0.9993 0.0000 0.0006
0.0000 0.0006 0.0000 0.7897 0.0000 0.2095
0.0000 0.0006 0.0000 0.5790 0.0000 0.4203
0.0000 0.0010 0.0235 0.4320 0.0064 0.5370
0.0000 0.0026 0.0619 0.3238 0.0236 0.5882
0.0000 0.0067 0.0968 0.2542 0.0496 0.5927
0.0000 0.0135 0.1225 0.2007 0.0787 0.5846

