MEME version 4

ALPHABET= ACGU

Background letter frequencies:
A 0.2518 C 0.2323 G 0.2426 U 0.2733

MOTIF filter0
letter-probability matrix: alength= 4 w= 7 nsites= 16399
0.0922 0.0104 0.7194 0.1780
0.1338 0.0527 0.7374 0.0761
0.0529 0.0705 0.8409 0.0357
0.0458 0.1361 0.7614 0.0566
0.2526 0.2586 0.2873 0.2015
0.2131 0.2282 0.3324 0.2263
0.2149 0.2229 0.3507 0.2115

MOTIF filter1
letter-probability matrix: alength= 4 w= 7 nsites= 27918
0.0714 0.0792 0.8019 0.0474
0.1816 0.0674 0.6917 0.0593
0.0164 0.1330 0.8110 0.0396
0.0394 0.1820 0.6378 0.1408
0.2305 0.2606 0.3046 0.2042
0.2132 0.2338 0.3344 0.2186
0.2101 0.2322 0.3521 0.2056

MOTIF filter2
letter-probability matrix: alength= 4 w= 7 nsites= 235436
0.2628 0.3085 0.2494 0.1794
0.2676 0.2201 0.2398 0.2725
0.2222 0.2465 0.3346 0.1967
0.2490 0.2641 0.2039 0.2831
0.2418 0.2427 0.2549 0.2606
0.2423 0.2433 0.2521 0.2623
0.2438 0.2425 0.2542 0.2595

MOTIF filter3
letter-probability matrix: alength= 4 w= 7 nsites= 17469
0.6014 0.1665 0.0103 0.2217
0.0849 0.8944 0.0094 0.0113
0.3610 0.0365 0.0048 0.5977
0.1472 0.7064 0.0747 0.0717
0.3107 0.2841 0.1193 0.2860
0.2485 0.2447 0.2360 0.2709
0.2708 0.2355 0.2262 0.2675

MOTIF filter4
letter-probability matrix: alength= 4 w= 7 nsites= 8432
0.9032 0.0001 0.0001 0.0966
0.0001 0.2668 0.7329 0.0001
0.4776 0.4743 0.0282 0.0199
0.3971 0.1424 0.1514 0.3092
0.2506 0.2118 0.3189 0.2187
0.2607 0.2338 0.2659 0.2397
0.2776 0.2073 0.2623 0.2527

MOTIF filter5
letter-probability matrix: alength= 4 w= 7 nsites= 26469
0.1997 0.1690 0.6268 0.0046
0.2376 0.0349 0.7125 0.0150
0.0000 0.1931 0.8068 0.0000
0.0654 0.2636 0.4716 0.1995
0.2302 0.2595 0.2998 0.2106
0.2331 0.2444 0.3117 0.2107
0.2200 0.2468 0.3320 0.2012

MOTIF filter6
letter-probability matrix: alength= 4 w= 7 nsites= 35410
0.4706 0.2458 0.0207 0.2629
0.8418 0.1220 0.0000 0.0362
0.4159 0.0688 0.0019 0.5134
0.7494 0.1275 0.0000 0.1230
0.3623 0.1663 0.1739 0.2975
0.3614 0.1679 0.1702 0.3004
0.3378 0.1778 0.1696 0.3148

MOTIF filter7
letter-probability matrix: alength= 4 w= 7 nsites= 6862
0.3812 0.2687 0.0411 0.3091
0.0287 0.1781 0.7681 0.0251
0.2737 0.0747 0.5871 0.0645
0.1440 0.1369 0.6343 0.0848
0.2488 0.2311 0.3359 0.1842
0.2438 0.2375 0.2789 0.2397
0.2259 0.2590 0.2824 0.2327

MOTIF filter8
letter-probability matrix: alength= 4 w= 7 nsites= 21505
0.0000 0.0000 0.9999 0.0000
0.3472 0.3616 0.1187 0.1725
0.6829 0.0000 0.0000 0.3170
0.0000 0.3201 0.5697 0.1102
0.2574 0.2507 0.2177 0.2742
0.2412 0.2432 0.2509 0.2647
0.2361 0.2438 0.2771 0.2430

MOTIF filter9
letter-probability matrix: alength= 4 w= 7 nsites= 6408
0.2347 0.0546 0.5794 0.1313
0.0002 0.5951 0.0002 0.4046
0.0083 0.0002 0.9771 0.0145
0.1218 0.0002 0.5577 0.3203
0.1907 0.2715 0.3356 0.2021
0.2498 0.2113 0.2899 0.2489
0.2339 0.2612 0.2558 0.2491

MOTIF filter10
letter-probability matrix: alength= 4 w= 7 nsites= 20222
0.2085 0.0393 0.4162 0.3360
0.0341 0.3628 0.1665 0.4367
0.0786 0.0000 0.0000 0.9213
0.1472 0.0042 0.4270 0.4216
0.2145 0.1811 0.2218 0.3826
0.2425 0.1808 0.1984 0.3783
0.2542 0.1720 0.2067 0.3671

MOTIF filter11
letter-probability matrix: alength= 4 w= 7 nsites= 30536
0.0000 0.7806 0.1980 0.0214
0.1197 0.4963 0.0891 0.2949
0.0102 0.9897 0.0000 0.0000
0.4045 0.1256 0.0246 0.4453
0.1741 0.2725 0.3309 0.2225
0.2229 0.2892 0.2496 0.2383
0.2199 0.2897 0.2419 0.2485

