MEME version 4

ALPHABET= FTIHMS

Background letter frequencies:
F 0.0520 T 0.0527 I 0.1391 H 0.1368 M 0.1066 S 0.5128

MOTIF filter0
letter-probability matrix: alength= 6 w= 7 nsites= 6579
0.0002 0.0002 0.0211 0.0307 0.0002 0.9478
0.0002 0.0002 0.4166 0.0307 0.0064 0.5461
0.0002 0.0002 0.5626 0.0002 0.0002 0.4368
0.0002 0.0002 0.0231 0.0002 0.0002 0.9763
0.0002 0.0036 0.0610 0.0002 0.0269 0.9081
0.0002 0.0114 0.1985 0.0516 0.0618 0.6765
0.0002 0.0217 0.2254 0.0949 0.0841 0.5737

MOTIF filter1
letter-probability matrix: alength= 6 w= 7 nsites= 779979
0.0578 0.0188 0.1576 0.1542 0.0898 0.5218
0.0490 0.0204 0.1413 0.1520 0.0793 0.5580
0.0451 0.0248 0.1377 0.1477 0.0751 0.5696
0.0391 0.0303 0.1451 0.1426 0.0750 0.5678
0.0336 0.0366 0.1374 0.1400 0.0761 0.5764
0.0295 0.0447 0.1475 0.1419 0.0854 0.5511
0.0260 0.0545 0.1518 0.1437 0.0920 0.5320

MOTIF filter2
letter-probability matrix: alength= 6 w= 7 nsites= 39062
0.0000 0.3324 0.0010 0.0004 0.6607 0.0055
0.0000 0.3349 0.0000 0.0000 0.6599 0.0052
0.0000 0.3378 0.0000 0.0000 0.6595 0.0026
0.0000 0.3396 0.0000 0.0000 0.6599 0.0004
0.0000 0.3400 0.0000 0.0000 0.5683 0.0916
0.0000 0.3400 0.0000 0.0000 0.4765 0.1834
0.0000 0.3404 0.0059 0.0034 0.4018 0.2484

MOTIF filter3
letter-probability matrix: alength= 6 w= 7 nsites= 75580
0.0000 0.0000 0.0000 0.0000 0.9514 0.0486
0.0000 0.0000 0.0000 0.0000 0.9308 0.0692
0.0000 0.0000 0.0004 0.0004 0.8901 0.1090
0.0000 0.0000 0.0115 0.0090 0.7556 0.2239
0.0000 0.0000 0.0023 0.0103 0.6211 0.3663
0.0000 0.0020 0.0203 0.0236 0.5124 0.4417
0.0000 0.0071 0.0409 0.0463 0.4272 0.4785

MOTIF filter4
letter-probability matrix: alength= 6 w= 7 nsites= 133362
0.0000 0.0000 0.0319 0.5186 0.0000 0.4495
0.0000 0.0000 0.0962 0.3769 0.0074 0.5194
0.0000 0.0000 0.1838 0.2721 0.0129 0.5312
0.0000 0.0001 0.1705 0.1901 0.0108 0.6286
0.0000 0.0031 0.1694 0.1275 0.0275 0.6724
0.0000 0.0099 0.1801 0.1024 0.0690 0.6386
0.0000 0.0190 0.1874 0.0850 0.1015 0.6071

MOTIF filter5
letter-probability matrix: alength= 6 w= 7 nsites= 47630
0.0000 0.0000 0.0000 0.0000 0.9980 0.0019
0.0000 0.0000 0.0000 0.0000 0.9980 0.0019
0.0000 0.0000 0.0000 0.0000 0.8952 0.1047
0.0000 0.0000 0.0000 0.0000 0.7847 0.2152
0.0000 0.0004 0.0000 0.0043 0.6743 0.3210
0.0000 0.0023 0.0176 0.0160 0.5625 0.4016
0.0000 0.0073 0.0357 0.0368 0.4729 0.4473

MOTIF filter6
letter-probability matrix: alength= 6 w= 7 nsites= 43177
0.0000 0.0028 0.0635 0.3399 0.0189 0.5749
0.0000 0.0079 0.0927 0.3927 0.0380 0.4687
0.0000 0.0144 0.2306 0.4955 0.0564 0.2030
0.0000 0.0186 0.1372 0.5392 0.0566 0.2484
0.0000 0.0229 0.0371 0.5452 0.0576 0.3372
0.0000 0.0280 0.0524 0.4625 0.0545 0.4026
0.0000 0.0343 0.0775 0.3825 0.0556 0.4501

MOTIF filter7
letter-probability matrix: alength= 6 w= 7 nsites= 832051
0.0579 0.0213 0.1549 0.1198 0.0823 0.5638
0.0500 0.0252 0.1543 0.1243 0.0818 0.5645
0.0461 0.0295 0.1617 0.1439 0.0881 0.5307
0.0399 0.0346 0.1595 0.1512 0.0911 0.5237
0.0347 0.0405 0.1527 0.1513 0.0957 0.5251
0.0304 0.0482 0.1508 0.1508 0.0982 0.5216
0.0267 0.0574 0.1488 0.1502 0.0994 0.5176

MOTIF filter8
letter-probability matrix: alength= 6 w= 7 nsites= 155274
0.0000 0.0000 0.1251 0.0038 0.0342 0.8368
0.0000 0.0000 0.2037 0.0079 0.0474 0.7409
0.0000 0.0000 0.1118 0.0164 0.0346 0.8373
0.0000 0.0000 0.0564 0.0401 0.0217 0.8819
0.0000 0.0013 0.0000 0.0567 0.0271 0.9149
0.0000 0.0220 0.1350 0.1158 0.0714 0.6557
0.0000 0.0424 0.1844 0.1589 0.0945 0.5198

MOTIF filter9
letter-probability matrix: alength= 6 w= 7 nsites= 16583
0.0001 0.7925 0.2072 0.0001 0.0001 0.0001
0.0001 0.7925 0.2072 0.0001 0.0001 0.0001
0.0001 0.7925 0.2072 0.0001 0.0001 0.0001
0.0001 0.7925 0.2072 0.0001 0.0001 0.0001
0.0001 0.7925 0.1440 0.0001 0.0001 0.0633
0.0001 0.7925 0.1015 0.0001 0.0001 0.1058
0.0001 0.7926 0.0758 0.0020 0.0001 0.1294

MOTIF filter10
letter-probability matrix: alength= 6 w= 7 nsites= 553155
0.0158 0.0043 0.1557 0.0491 0.1146 0.6606
0.0092 0.0090 0.1508 0.0673 0.1120 0.6517
0.0041 0.0130 0.1744 0.0990 0.1228 0.5868
0.0041 0.0215 0.2223 0.1379 0.1414 0.4728
0.0035 0.0294 0.2154 0.1667 0.1575 0.4275
0.0030 0.0363 0.1748 0.1668 0.1443 0.4749
0.0026 0.0444 0.1534 0.1641 0.1327 0.5029

MOTIF filter11
letter-probability matrix: alength= 6 w= 7 nsites= 173303
0.0000 0.0000 0.0000 0.5973 0.0109 0.3917
0.0000 0.0000 0.0038 0.5210 0.0089 0.4664
0.0000 0.0000 0.0528 0.4265 0.0292 0.4915
0.0000 0.0000 0.0249 0.3240 0.0515 0.5996
0.0000 0.0007 0.0100 0.2645 0.0431 0.6816
0.0000 0.0091 0.0864 0.2184 0.0782 0.6078
0.0000 0.0191 0.1225 0.1849 0.1069 0.5666

MOTIF filter12
letter-probability matrix: alength= 6 w= 7 nsites= 30193
0.0000 0.0000 0.0114 0.0136 0.0199 0.9549
0.0000 0.0000 0.0191 0.0652 0.1096 0.8061
0.0000 0.0000 0.0974 0.1455 0.2579 0.4991
0.0000 0.0000 0.1677 0.2062 0.3714 0.2546
0.0000 0.0046 0.1644 0.2309 0.3659 0.2341
0.0000 0.0086 0.1225 0.2146 0.2989 0.3553
0.0000 0.0141 0.0987 0.1862 0.2471 0.4539

MOTIF filter13
letter-probability matrix: alength= 6 w= 7 nsites= 55645
0.0000 0.0000 0.3556 0.0909 0.0139 0.5396
0.0000 0.0000 0.3751 0.1433 0.0305 0.4510
0.0000 0.0000 0.3514 0.1899 0.0551 0.4036
0.0000 0.0000 0.2696 0.2109 0.0657 0.4537
0.0000 0.0002 0.1910 0.2355 0.0718 0.5016
0.0000 0.0078 0.1751 0.2149 0.0692 0.5329
0.0000 0.0174 0.1702 0.1965 0.0688 0.5472

MOTIF filter14
letter-probability matrix: alength= 6 w= 7 nsites= 46518
0.9285 0.0000 0.0000 0.0000 0.0000 0.0714
0.8516 0.0000 0.0000 0.0000 0.0000 0.1483
0.7745 0.0000 0.0066 0.0000 0.0001 0.2186
0.6975 0.0000 0.0200 0.0006 0.0006 0.2813
0.6205 0.0000 0.0356 0.0050 0.0082 0.3307
0.5434 0.0000 0.0524 0.0113 0.0175 0.3753
0.4772 0.0000 0.0691 0.0193 0.0276 0.4067

MOTIF filter15
letter-probability matrix: alength= 6 w= 7 nsites= 47298
0.6328 0.0000 0.2314 0.0000 0.0001 0.1356
0.5628 0.0000 0.1952 0.0000 0.0000 0.2419
0.5064 0.0000 0.2178 0.0006 0.0004 0.2748
0.4594 0.0002 0.3150 0.0087 0.0085 0.2082
0.4123 0.0002 0.3195 0.0154 0.0155 0.2372
0.3652 0.0002 0.2108 0.0186 0.0183 0.3869
0.3249 0.0002 0.1578 0.0235 0.0219 0.4717

