MEME version 4

ALPHABET= FTIHMS

Background letter frequencies:
F 0.0498 T 0.0508 I 0.1429 H 0.1344 M 0.1017 S 0.5204

MOTIF filter0
letter-probability matrix: alength= 6 w= 7 nsites= 44427
0.0000 0.0004 0.0000 0.0249 0.9279 0.0467
0.0000 0.0022 0.0157 0.0536 0.7905 0.1380
0.0000 0.0022 0.0059 0.0532 0.6507 0.2880
0.0000 0.0026 0.0115 0.0526 0.5386 0.3948
0.0000 0.0043 0.0303 0.0594 0.4477 0.4583
0.0000 0.0093 0.0504 0.0696 0.3799 0.4908
0.0000 0.0174 0.0678 0.0929 0.3265 0.4954

MOTIF filter1
letter-probability matrix: alength= 6 w= 7 nsites= 20597
0.0000 0.0000 0.2413 0.4502 0.0300 0.2783
0.0000 0.0028 0.1148 0.5527 0.0849 0.2448
0.0000 0.0028 0.0590 0.5527 0.0666 0.3188
0.0000 0.0043 0.0652 0.5262 0.0567 0.3475
0.0000 0.0080 0.0756 0.4153 0.0554 0.4457
0.0000 0.0123 0.0745 0.3176 0.0543 0.5413
0.0000 0.0188 0.0826 0.2572 0.0541 0.5873

MOTIF filter2
letter-probability matrix: alength= 6 w= 7 nsites= 23562
0.0000 0.5782 0.4217 0.0000 0.0000 0.0000
0.0000 0.5782 0.4105 0.0000 0.0000 0.0112
0.0000 0.5782 0.2468 0.0000 0.0000 0.1749
0.0000 0.5782 0.1527 0.0000 0.0001 0.2689
0.0000 0.5791 0.1112 0.0057 0.0022 0.3018
0.0000 0.5821 0.0993 0.0165 0.0076 0.2945
0.0000 0.5874 0.0962 0.0273 0.0155 0.2736

MOTIF filter3
letter-probability matrix: alength= 6 w= 7 nsites= 824490
0.0457 0.0061 0.1493 0.1150 0.1228 0.5610
0.0364 0.0092 0.1464 0.1263 0.1231 0.5586
0.0313 0.0135 0.1534 0.1330 0.1219 0.5469
0.0271 0.0188 0.1561 0.1384 0.1206 0.5390
0.0236 0.0250 0.1549 0.1425 0.1185 0.5355
0.0206 0.0323 0.1529 0.1446 0.1159 0.5337
0.0182 0.0414 0.1500 0.1464 0.1129 0.5311

MOTIF filter4
letter-probability matrix: alength= 6 w= 7 nsites= 39161
0.0000 0.2601 0.0000 0.0000 0.7373 0.0025
0.0000 0.2601 0.0000 0.0000 0.7398 0.0000
0.0000 0.2601 0.0000 0.0000 0.6125 0.1273
0.0000 0.2601 0.0000 0.0000 0.5073 0.2325
0.0000 0.2605 0.0095 0.0049 0.4220 0.3031
0.0000 0.2622 0.0245 0.0177 0.3528 0.3428
0.0000 0.2665 0.0393 0.0383 0.2960 0.3599

MOTIF filter5
letter-probability matrix: alength= 6 w= 7 nsites= 1568
0.0006 0.0006 0.0006 0.9968 0.0006 0.0006
0.0006 0.0006 0.0006 0.9968 0.0006 0.0006
0.0006 0.0006 0.0006 0.9454 0.0006 0.0521
0.0006 0.0006 0.0006 0.5712 0.0006 0.4263
0.0006 0.0006 0.0508 0.4130 0.0006 0.5343
0.0006 0.0006 0.3958 0.2313 0.0006 0.3710
0.0006 0.0006 0.4536 0.1677 0.0006 0.3767

MOTIF filter6
letter-probability matrix: alength= 6 w= 7 nsites= 20740
0.1721 0.0068 0.0583 0.0000 0.0121 0.7507
0.1721 0.0069 0.0716 0.0007 0.0000 0.7487
0.1446 0.0094 0.1029 0.0364 0.0050 0.7018
0.1232 0.0159 0.1323 0.0934 0.0130 0.6222
0.1035 0.0253 0.1416 0.1522 0.0213 0.5561
0.0881 0.0348 0.1437 0.1983 0.0302 0.5050
0.0752 0.0457 0.1418 0.2257 0.0360 0.4757

MOTIF filter7
letter-probability matrix: alength= 6 w= 7 nsites= 67313
0.0000 0.0000 0.3345 0.5466 0.0250 0.0938
0.0000 0.0000 0.2270 0.4038 0.0261 0.3431
0.0000 0.0002 0.1460 0.3074 0.0210 0.5253
0.0000 0.0014 0.1343 0.2402 0.0231 0.6010
0.0000 0.0045 0.1458 0.2005 0.0339 0.6152
0.0000 0.0108 0.1566 0.1757 0.0516 0.6053
0.0000 0.0204 0.1652 0.1588 0.0696 0.5859

MOTIF filter8
letter-probability matrix: alength= 6 w= 7 nsites= 20051
0.0000 0.4378 0.0000 0.0000 0.0000 0.5620
0.0000 0.4387 0.2431 0.0000 0.0000 0.3180
0.0000 0.4413 0.1892 0.0208 0.0122 0.3365
0.0000 0.4440 0.1371 0.0353 0.0213 0.3622
0.0000 0.4483 0.1124 0.0528 0.0303 0.3562
0.0000 0.4538 0.1123 0.0674 0.0359 0.3306
0.0000 0.4607 0.1138 0.0796 0.0403 0.3056

MOTIF filter9
letter-probability matrix: alength= 6 w= 7 nsites= 80078
0.0000 0.0000 0.0000 0.3312 0.6687 0.0000
0.0000 0.0000 0.0000 0.3312 0.5479 0.1209
0.0000 0.0000 0.0000 0.2477 0.4480 0.3042
0.0000 0.0003 0.0088 0.1902 0.3685 0.4322
0.0000 0.0019 0.0328 0.1633 0.3075 0.4946
0.0000 0.0059 0.0589 0.1531 0.2623 0.5198
0.0000 0.0129 0.0817 0.1539 0.2299 0.5216

MOTIF filter10
letter-probability matrix: alength= 6 w= 7 nsites= 67793
0.0000 0.0011 0.3610 0.0000 0.0154 0.6225
0.0000 0.0036 0.1481 0.0189 0.0146 0.8147
0.0000 0.0082 0.1534 0.0503 0.0250 0.7631
0.0000 0.0167 0.1909 0.0961 0.0430 0.6533
0.0000 0.0273 0.1991 0.1377 0.0605 0.5754
0.0000 0.0395 0.1881 0.1682 0.0715 0.5327
0.0000 0.0529 0.1736 0.1823 0.0772 0.5140

MOTIF filter11
letter-probability matrix: alength= 6 w= 7 nsites= 712450
0.0188 0.0237 0.1910 0.1179 0.0858 0.5628
0.0130 0.0270 0.1881 0.1344 0.0811 0.5564
0.0108 0.0320 0.1773 0.1464 0.0862 0.5472
0.0090 0.0377 0.1697 0.1540 0.0883 0.5413
0.0076 0.0444 0.1640 0.1588 0.0895 0.5357
0.0064 0.0525 0.1595 0.1609 0.0899 0.5307
0.0054 0.0623 0.1556 0.1614 0.0903 0.5250

