MEME version 4

ALPHABET= FTIHMS

Background letter frequencies:
F 0.0511 T 0.0532 I 0.1370 H 0.1396 M 0.1110 S 0.5082

MOTIF filter0
letter-probability matrix: alength= 6 w= 7 nsites= 68509
0.0000 0.2041 0.0000 0.5924 0.0000 0.2034
0.0000 0.2041 0.0000 0.4459 0.0000 0.3500
0.0000 0.2044 0.0249 0.3427 0.0068 0.4212
0.0000 0.2055 0.0558 0.2650 0.0226 0.4512
0.0000 0.2083 0.0811 0.2132 0.0436 0.4537
0.0000 0.2127 0.0981 0.1738 0.0654 0.4500
0.0000 0.2186 0.1084 0.1447 0.0834 0.4450

MOTIF filter1
letter-probability matrix: alength= 6 w= 7 nsites= 31996
0.0000 0.5658 0.4045 0.0000 0.0000 0.0296
0.0000 0.5658 0.0133 0.0000 0.0000 0.4208
0.0000 0.5661 0.0104 0.0023 0.0003 0.4208
0.0000 0.5702 0.0584 0.0277 0.0129 0.3308
0.0000 0.5770 0.0791 0.0511 0.0247 0.2682
0.0000 0.5833 0.0813 0.0677 0.0343 0.2333
0.0000 0.5901 0.0779 0.0797 0.0377 0.2145

MOTIF filter2
letter-probability matrix: alength= 6 w= 7 nsites= 79509
0.0000 0.0000 0.0000 0.0000 0.8975 0.1025
0.0000 0.0000 0.0000 0.0000 0.7693 0.2306
0.0000 0.0003 0.0071 0.0034 0.6412 0.3480
0.0000 0.0014 0.0218 0.0152 0.5383 0.4233
0.0000 0.0045 0.0406 0.0368 0.4571 0.4609
0.0000 0.0099 0.0591 0.0669 0.3920 0.4721
0.0000 0.0184 0.0732 0.1002 0.3383 0.4700

MOTIF filter3
letter-probability matrix: alength= 6 w= 7 nsites= 648235
0.0536 0.0236 0.1288 0.0567 0.0572 0.6801
0.0437 0.0282 0.1476 0.0423 0.0652 0.6730
0.0379 0.0340 0.1689 0.0724 0.0833 0.6036
0.0329 0.0407 0.1773 0.0953 0.0966 0.5572
0.0287 0.0482 0.1737 0.1166 0.1050 0.5279
0.0252 0.0566 0.1658 0.1311 0.1090 0.5124
0.0221 0.0663 0.1566 0.1387 0.1094 0.5067

MOTIF filter4
letter-probability matrix: alength= 6 w= 7 nsites= 36891
0.8690 0.0000 0.0000 0.0000 0.0000 0.1309
0.7500 0.0000 0.0108 0.0011 0.0000 0.2380
0.6496 0.0000 0.0156 0.0022 0.0013 0.3312
0.5651 0.0000 0.0323 0.0050 0.0062 0.3914
0.4937 0.0000 0.0545 0.0111 0.0158 0.4249
0.4335 0.0000 0.0759 0.0201 0.0277 0.4428
0.3818 0.0000 0.0923 0.0302 0.0407 0.4550

MOTIF filter5
letter-probability matrix: alength= 6 w= 7 nsites= 43833
0.0000 0.0047 0.0230 0.0000 0.8519 0.1204
0.0000 0.0061 0.0581 0.0056 0.8557 0.0745
0.0000 0.0072 0.0395 0.0110 0.7286 0.2138
0.0000 0.0080 0.0301 0.0158 0.6215 0.3246
0.0000 0.0096 0.0347 0.0242 0.5328 0.3985
0.0000 0.0130 0.0464 0.0394 0.4587 0.4424
0.0000 0.0192 0.0618 0.0623 0.3982 0.4585

MOTIF filter6
letter-probability matrix: alength= 6 w= 7 nsites= 63552
0.3276 0.0000 0.0000 0.0000 0.6724 0.0000
0.3276 0.0000 0.0000 0.0000 0.5695 0.1029
0.2861 0.0000 0.0000 0.0000 0.4840 0.2299
0.2512 0.0003 0.0070 0.0033 0.4122 0.3261
0.2212 0.0016 0.0217 0.0136 0.3533 0.3886
0.1953 0.0047 0.0403 0.0308 0.3060 0.4228
0.1733 0.0093 0.0581 0.0533 0.2689 0.4371

MOTIF filter7
letter-probability matrix: alength= 6 w= 7 nsites= 594450
0.0516 0.0250 0.1231 0.0773 0.0191 0.7039
0.0385 0.0276 0.1670 0.1082 0.0315 0.6272
0.0322 0.0336 0.1827 0.1280 0.0573 0.5662
0.0272 0.0402 0.1797 0.1435 0.0743 0.5351
0.0230 0.0473 0.1714 0.1552 0.0844 0.5186
0.0195 0.0552 0.1636 0.1601 0.0904 0.5113
0.0166 0.0646 0.1568 0.1604 0.0933 0.5083

MOTIF filter8
letter-probability matrix: alength= 6 w= 7 nsites= 55656
0.5637 0.0000 0.0169 0.0000 0.0000 0.4193
0.4972 0.0000 0.0942 0.0068 0.0111 0.3908
0.4306 0.0000 0.0949 0.0167 0.0240 0.4338
0.3746 0.0000 0.0978 0.0276 0.0365 0.4635
0.3273 0.0002 0.1079 0.0407 0.0478 0.4762
0.2874 0.0004 0.1167 0.0530 0.0580 0.4846
0.2531 0.0008 0.1249 0.0645 0.0673 0.4894

MOTIF filter9
letter-probability matrix: alength= 6 w= 7 nsites= 121363
0.2948 0.0000 0.0000 0.6286 0.0000 0.0765
0.2643 0.0000 0.0107 0.5984 0.0004 0.1262
0.2281 0.0000 0.0125 0.4414 0.0018 0.3162
0.1976 0.0001 0.0215 0.3314 0.0060 0.4434
0.1719 0.0005 0.0460 0.2538 0.0160 0.5118
0.1502 0.0023 0.0770 0.1996 0.0362 0.5348
0.1319 0.0062 0.1018 0.1611 0.0597 0.5393

MOTIF filter10
letter-probability matrix: alength= 6 w= 7 nsites= 101606
0.0307 0.0340 0.1824 0.1334 0.0484 0.5711
0.0000 0.0378 0.2795 0.0799 0.0247 0.5782
0.0000 0.0407 0.2210 0.0921 0.0465 0.5997
0.0000 0.0449 0.2009 0.0986 0.0665 0.5891
0.0000 0.0514 0.1900 0.1023 0.0835 0.5728
0.0000 0.0596 0.1820 0.1117 0.0956 0.5511
0.0000 0.0696 0.1794 0.1193 0.1030 0.5287

MOTIF filter11
letter-probability matrix: alength= 6 w= 7 nsites= 126667
0.2137 0.0839 0.0000 0.5923 0.0000 0.1100
0.1891 0.0839 0.0000 0.4330 0.0000 0.2939
0.1645 0.0840 0.0135 0.3215 0.0037 0.4128
0.1437 0.0848 0.0439 0.2416 0.0161 0.4699
0.1262 0.0870 0.0740 0.1861 0.0368 0.4899
0.1111 0.0909 0.0971 0.1453 0.0603 0.4954
0.0981 0.0962 0.1119 0.1194 0.0807 0.4937

