MEME version 4

ALPHABET= FTIHMS

Background letter frequencies:
F 0.0498 T 0.0508 I 0.1429 H 0.1344 M 0.1017 S 0.5204

MOTIF filter0
letter-probability matrix: alength= 6 w= 7 nsites= 80450
0.0045 0.1252 0.1394 0.0008 0.0273 0.7028
0.0003 0.1652 0.0046 0.0003 0.0512 0.7784
0.0000 0.2125 0.0000 0.0000 0.0675 0.7200
0.0000 0.2649 0.0585 0.0000 0.1715 0.5050
0.0000 0.3117 0.1089 0.0120 0.3426 0.2247
0.0000 0.3182 0.0943 0.0308 0.2771 0.2796
0.0000 0.3233 0.0806 0.0444 0.2228 0.3289

MOTIF filter1
letter-probability matrix: alength= 6 w= 7 nsites= 48387
0.0000 0.0000 0.0109 0.6754 0.0000 0.3137
0.0000 0.0000 0.1700 0.7032 0.0005 0.1263
0.0000 0.0000 0.2677 0.7032 0.0000 0.0291
0.0000 0.0000 0.0696 0.2905 0.0000 0.6399
0.0000 0.0000 0.0612 0.0683 0.0000 0.8705
0.0000 0.0041 0.1263 0.0572 0.0215 0.7910
0.0000 0.0139 0.1816 0.0538 0.0687 0.6819

MOTIF filter2
letter-probability matrix: alength= 6 w= 7 nsites= 56503
0.0000 0.1808 0.0007 0.0000 0.7142 0.1041
0.0000 0.1826 0.0008 0.0066 0.6768 0.1332
0.0000 0.1865 0.0000 0.0258 0.5897 0.1980
0.0000 0.1908 0.0157 0.0615 0.5047 0.2273
0.0000 0.1944 0.0302 0.0973 0.4346 0.2434
0.0000 0.1956 0.0285 0.1034 0.3600 0.3126
0.0000 0.1990 0.0357 0.1090 0.3001 0.3562

MOTIF filter3
letter-probability matrix: alength= 6 w= 7 nsites= 22744
0.0000 0.0081 0.0531 0.0000 0.3233 0.6154
0.0000 0.0170 0.0491 0.0000 0.3528 0.5811
0.0000 0.0246 0.3024 0.0396 0.3109 0.3225
0.0000 0.0330 0.0822 0.0405 0.2568 0.5874
0.0000 0.0484 0.1228 0.0660 0.2781 0.4847
0.0000 0.0558 0.1284 0.0920 0.2345 0.4891
0.0000 0.0647 0.1250 0.1097 0.2056 0.4949

MOTIF filter4
letter-probability matrix: alength= 6 w= 7 nsites= 80688
0.0000 0.0000 0.4305 0.0000 0.0000 0.5695
0.0000 0.0000 0.7034 0.0000 0.0129 0.2837
0.0000 0.0000 0.8757 0.0000 0.0222 0.1021
0.0000 0.0000 0.7425 0.0000 0.0394 0.2181
0.0000 0.0000 0.5114 0.0000 0.0363 0.4523
0.0000 0.0021 0.3372 0.0099 0.0311 0.6198
0.0000 0.0083 0.2629 0.0317 0.0328 0.6643

MOTIF filter5
letter-probability matrix: alength= 6 w= 7 nsites= 43387
0.0000 0.0159 0.0303 0.0471 0.7835 0.1232
0.0000 0.0231 0.0229 0.1238 0.7710 0.0592
0.0000 0.0254 0.0229 0.1352 0.6656 0.1509
0.0000 0.0287 0.0435 0.1567 0.5712 0.2000
0.0000 0.0291 0.0000 0.1459 0.4558 0.3692
0.0000 0.0305 0.0188 0.1141 0.3799 0.4565
0.0000 0.0357 0.0473 0.1071 0.3243 0.4856

MOTIF filter6
letter-probability matrix: alength= 6 w= 7 nsites= 9134
0.0001 0.0001 0.9666 0.0001 0.0001 0.0329
0.0001 0.0027 0.9577 0.0001 0.0048 0.0346
0.0001 0.0058 0.9444 0.0001 0.0073 0.0422
0.0001 0.0069 0.7981 0.0001 0.0073 0.1874
0.0001 0.0074 0.6560 0.0001 0.0075 0.3288
0.0001 0.0079 0.4504 0.0043 0.0060 0.5313
0.0001 0.0103 0.3385 0.0151 0.0062 0.6298

MOTIF filter7
letter-probability matrix: alength= 6 w= 7 nsites= 53737
0.0000 0.1637 0.0000 0.0000 0.8280 0.0083
0.0000 0.1640 0.0000 0.0000 0.7286 0.1074
0.0000 0.1656 0.0000 0.0000 0.6152 0.2192
0.0000 0.1671 0.0052 0.0044 0.5239 0.2994
0.0000 0.1709 0.0068 0.0169 0.4498 0.3557
0.0000 0.1745 0.0324 0.0374 0.3741 0.3816
0.0000 0.1803 0.0505 0.0628 0.3136 0.3929

MOTIF filter8
letter-probability matrix: alength= 6 w= 7 nsites= 109303
0.0000 0.0000 0.0000 0.0000 0.8256 0.1744
0.0000 0.0000 0.0000 0.0000 0.7813 0.2186
0.0000 0.0000 0.0059 0.0000 0.6832 0.3109
0.0000 0.0003 0.0000 0.0000 0.5632 0.4365
0.0000 0.0020 0.0184 0.0112 0.4686 0.4998
0.0000 0.0081 0.0541 0.0444 0.3849 0.5084
0.0000 0.0171 0.0755 0.0815 0.3198 0.5061

MOTIF filter9
letter-probability matrix: alength= 6 w= 7 nsites= 49577
0.0004 0.0003 0.0012 0.2359 0.6219 0.1403
0.0000 0.0024 0.0007 0.2457 0.5843 0.1668
0.0000 0.0061 0.0000 0.2743 0.4820 0.2375
0.0000 0.0150 0.0034 0.3175 0.4006 0.2634
0.0000 0.0217 0.0401 0.3613 0.4061 0.1708
0.0000 0.0230 0.0342 0.3176 0.3379 0.2873
0.0000 0.0261 0.0336 0.2803 0.2824 0.3776

MOTIF filter10
letter-probability matrix: alength= 6 w= 7 nsites= 97040
0.4125 0.0000 0.0000 0.1201 0.0000 0.4673
0.3697 0.0000 0.0306 0.1518 0.0011 0.4469
0.3332 0.0000 0.0486 0.1911 0.0029 0.4243
0.3025 0.0011 0.0724 0.1450 0.0002 0.4788
0.2764 0.0048 0.0985 0.1266 0.0050 0.4887
0.2399 0.0092 0.1105 0.1350 0.0206 0.4848
0.2092 0.0145 0.1178 0.1341 0.0369 0.4875

MOTIF filter11
letter-probability matrix: alength= 6 w= 7 nsites= 65025
0.0000 0.0000 0.0000 0.0000 0.6900 0.3099
0.0000 0.0003 0.0000 0.0000 0.5305 0.4691
0.0000 0.0019 0.0155 0.0211 0.4308 0.5307
0.0000 0.0065 0.0627 0.0606 0.3723 0.4979
0.0000 0.0138 0.1000 0.1047 0.3123 0.4692
0.0000 0.0213 0.0964 0.1408 0.2647 0.4769
0.0000 0.0310 0.0967 0.1683 0.2252 0.4787

MOTIF filter12
letter-probability matrix: alength= 6 w= 7 nsites= 158610
0.2551 0.0000 0.0116 0.0000 0.0001 0.7332
0.2351 0.0006 0.0380 0.0004 0.0001 0.7258
0.2182 0.0067 0.1105 0.0004 0.0011 0.6632
0.1958 0.0213 0.0443 0.0124 0.0031 0.7232
0.1691 0.0290 0.0504 0.0254 0.0152 0.7108
0.1468 0.0430 0.1370 0.0771 0.0448 0.5513
0.1280 0.0558 0.1622 0.1167 0.0604 0.4768

MOTIF filter13
letter-probability matrix: alength= 6 w= 7 nsites= 30048
0.0000 0.0000 0.6598 0.0000 0.0000 0.3401
0.0000 0.0000 0.8538 0.0000 0.0000 0.1461
0.0000 0.0049 0.7660 0.0000 0.0013 0.2278
0.0000 0.0049 0.2967 0.0000 0.0023 0.6960
0.0000 0.0049 0.0203 0.0000 0.0000 0.9747
0.0000 0.0139 0.1062 0.0352 0.0183 0.8264
0.0000 0.0310 0.1769 0.0819 0.0415 0.6686

MOTIF filter14
letter-probability matrix: alength= 6 w= 7 nsites= 55263
0.0000 0.0016 0.0000 0.0085 0.7019 0.2879
0.0000 0.0055 0.0000 0.0316 0.6178 0.3451
0.0000 0.0117 0.0246 0.0674 0.5325 0.3638
0.0000 0.0151 0.0294 0.0957 0.4440 0.4158
0.0000 0.0201 0.0075 0.1059 0.3716 0.4949
0.0000 0.0274 0.0506 0.1297 0.3133 0.4790
0.0000 0.0373 0.0758 0.1483 0.2685 0.4701

MOTIF filter15
letter-probability matrix: alength= 6 w= 7 nsites= 41963
0.0000 0.0008 0.0000 0.0000 0.9289 0.0703
0.0000 0.0033 0.0057 0.0000 0.7980 0.1930
0.0000 0.0089 0.0243 0.0239 0.6922 0.2506
0.0000 0.0135 0.0216 0.0296 0.5767 0.3586
0.0000 0.0183 0.0040 0.0445 0.4791 0.4541
0.0000 0.0225 0.0380 0.0686 0.4001 0.4707
0.0000 0.0296 0.0638 0.0919 0.3366 0.4781

