MEME version 4

ALPHABET= FTIHMS

Background letter frequencies:
F 0.0478 T 0.0494 I 0.1401 H 0.1361 M 0.1059 S 0.5208

MOTIF filter0
letter-probability matrix: alength= 6 w= 7 nsites= 27665
0.6801 0.3034 0.0068 0.0019 0.0000 0.0078
0.6801 0.3034 0.0068 0.0077 0.0020 0.0000
0.5925 0.3034 0.0021 0.0077 0.0017 0.0926
0.5184 0.3034 0.0007 0.0077 0.0012 0.1687
0.4556 0.3034 0.0089 0.0076 0.0019 0.2226
0.4022 0.3034 0.0223 0.0070 0.0053 0.2598
0.3570 0.3034 0.0372 0.0100 0.0130 0.2794

MOTIF filter1
letter-probability matrix: alength= 6 w= 7 nsites= 705834
0.0474 0.0011 0.1623 0.1394 0.1216 0.5282
0.0415 0.0042 0.1518 0.1471 0.1211 0.5342
0.0357 0.0085 0.1519 0.1489 0.1218 0.5332
0.0308 0.0135 0.1509 0.1486 0.1212 0.5350
0.0267 0.0195 0.1499 0.1470 0.1196 0.5372
0.0233 0.0268 0.1483 0.1454 0.1182 0.5381
0.0204 0.0358 0.1477 0.1442 0.1168 0.5352

MOTIF filter2
letter-probability matrix: alength= 6 w= 7 nsites= 9701
0.0001 0.9995 0.0001 0.0001 0.0001 0.0001
0.0001 0.9995 0.0001 0.0001 0.0001 0.0001
0.0001 0.9995 0.0001 0.0001 0.0001 0.0001
0.0001 0.9995 0.0001 0.0001 0.0001 0.0001
0.0001 0.9995 0.0001 0.0001 0.0001 0.0001
0.0001 0.9995 0.0001 0.0001 0.0001 0.0001
0.0001 0.9995 0.0001 0.0001 0.0001 0.0001

MOTIF filter3
letter-probability matrix: alength= 6 w= 7 nsites= 838961
0.0560 0.0109 0.1533 0.1285 0.1166 0.5346
0.0483 0.0144 0.1610 0.1370 0.1181 0.5212
0.0410 0.0183 0.1564 0.1409 0.1179 0.5254
0.0350 0.0231 0.1520 0.1434 0.1166 0.5300
0.0301 0.0288 0.1498 0.1451 0.1147 0.5314
0.0260 0.0358 0.1479 0.1458 0.1130 0.5315
0.0225 0.0446 0.1458 0.1466 0.1116 0.5289

MOTIF filter4
letter-probability matrix: alength= 6 w= 7 nsites= 9898
0.0001 0.0001 0.0001 0.7696 0.2282 0.0019
0.0001 0.0001 0.0001 0.7696 0.2124 0.0177
0.0001 0.0001 0.0001 0.6274 0.1669 0.2054
0.0001 0.0001 0.0018 0.4172 0.1313 0.4495
0.0001 0.0002 0.1004 0.2744 0.1096 0.5153
0.0001 0.0010 0.1806 0.1872 0.0981 0.5329
0.0001 0.0024 0.2537 0.1322 0.0959 0.5157

MOTIF filter5
letter-probability matrix: alength= 6 w= 7 nsites= 688503
0.0614 0.0122 0.1247 0.1750 0.1234 0.5033
0.0538 0.0160 0.1755 0.1776 0.1257 0.4514
0.0457 0.0192 0.1552 0.1657 0.1228 0.4914
0.0391 0.0229 0.1421 0.1567 0.1195 0.5198
0.0336 0.0278 0.1399 0.1479 0.1176 0.5332
0.0291 0.0342 0.1415 0.1409 0.1171 0.5371
0.0253 0.0427 0.1432 0.1374 0.1173 0.5342

MOTIF filter6
letter-probability matrix: alength= 6 w= 7 nsites= 83499
0.2254 0.1172 0.0000 0.3069 0.3505 0.0000
0.2254 0.1172 0.0000 0.3069 0.3505 0.0000
0.1963 0.1172 0.0000 0.2273 0.2904 0.1687
0.1718 0.1172 0.0000 0.1687 0.2411 0.3012
0.1510 0.1174 0.0156 0.1337 0.2025 0.3798
0.1333 0.1187 0.0390 0.1125 0.1759 0.4205
0.1183 0.1220 0.0612 0.1033 0.1594 0.4359

MOTIF filter7
letter-probability matrix: alength= 6 w= 7 nsites= 4423
0.0002 0.0282 0.0373 0.0002 0.0002 0.9338
0.0002 0.0282 0.1585 0.0002 0.0002 0.8126
0.0002 0.0341 0.2041 0.0876 0.0314 0.6426
0.0002 0.0418 0.1912 0.1490 0.0506 0.5672
0.0002 0.0481 0.1777 0.2012 0.0623 0.5105
0.0002 0.0544 0.1678 0.2339 0.0612 0.4825
0.0002 0.0666 0.1553 0.2378 0.0605 0.4796

MOTIF filter8
letter-probability matrix: alength= 6 w= 7 nsites= 202363
0.0000 0.0101 0.0000 0.0114 0.2455 0.7330
0.0000 0.0101 0.0000 0.0340 0.2529 0.7030
0.0000 0.0161 0.0996 0.0650 0.2480 0.5713
0.0000 0.0233 0.1355 0.0949 0.2363 0.5100
0.0000 0.0309 0.1383 0.1183 0.2169 0.4955
0.0000 0.0389 0.1344 0.1337 0.1961 0.4969
0.0000 0.0480 0.1311 0.1425 0.1758 0.5024

MOTIF filter9
letter-probability matrix: alength= 6 w= 7 nsites= 45747
0.0000 0.1874 0.0000 0.0000 0.7758 0.0367
0.0000 0.1874 0.0000 0.0000 0.8019 0.0106
0.0000 0.1874 0.0000 0.0000 0.6561 0.1564
0.0000 0.1874 0.0009 0.0002 0.5393 0.2722
0.0000 0.1878 0.0122 0.0063 0.4443 0.3493
0.0000 0.1899 0.0302 0.0212 0.3693 0.3894
0.0000 0.1947 0.0476 0.0435 0.3104 0.4038

MOTIF filter10
letter-probability matrix: alength= 6 w= 7 nsites= 57367
0.0000 0.0000 0.0000 0.8157 0.0000 0.1842
0.0000 0.0046 0.0000 0.9386 0.0490 0.0077
0.0000 0.0046 0.0007 0.8398 0.0380 0.1169
0.0000 0.0047 0.0011 0.6799 0.0296 0.2846
0.0000 0.0052 0.0128 0.5049 0.0292 0.4479
0.0000 0.0066 0.0355 0.3499 0.0396 0.5684
0.0000 0.0098 0.0726 0.2547 0.0561 0.6067

MOTIF filter11
letter-probability matrix: alength= 6 w= 7 nsites= 77
0.0120 0.2410 0.0120 0.0120 0.0120 0.7108
0.0120 0.9398 0.0120 0.0120 0.0120 0.0120
0.0120 0.9398 0.0120 0.0120 0.0120 0.0120
0.0120 0.9398 0.0120 0.0120 0.0120 0.0120
0.0120 0.9398 0.0120 0.0120 0.0120 0.0120
0.0120 0.9398 0.0120 0.0120 0.0120 0.0120
0.0120 0.9398 0.0120 0.0120 0.0120 0.0120

