MEME version 4

ALPHABET= FTIHMS

Background letter frequencies:
F 0.0502 T 0.0522 I 0.1380 H 0.1350 M 0.1073 S 0.5173

MOTIF filter0
letter-probability matrix: alength= 6 w= 7 nsites= 26057
0.0000 0.0741 0.0000 0.1035 0.0000 0.8223
0.0000 0.1452 0.0000 0.4849 0.0388 0.3310
0.0000 0.1512 0.0602 0.5052 0.0560 0.2273
0.0000 0.1554 0.0741 0.4983 0.0618 0.2104
0.0000 0.1585 0.0738 0.4574 0.0584 0.2519
0.0000 0.1618 0.0785 0.3450 0.0520 0.3627
0.0000 0.1656 0.0760 0.2682 0.0475 0.4427

MOTIF filter1
letter-probability matrix: alength= 6 w= 7 nsites= 810384
0.0607 0.0203 0.1409 0.1504 0.0986 0.5291
0.0528 0.0240 0.1439 0.1613 0.0938 0.5241
0.0449 0.0283 0.1464 0.1580 0.0971 0.5252
0.0384 0.0333 0.1464 0.1552 0.1000 0.5267
0.0331 0.0394 0.1459 0.1527 0.1021 0.5268
0.0286 0.0467 0.1453 0.1500 0.1032 0.5261
0.0248 0.0557 0.1443 0.1474 0.1045 0.5232

MOTIF filter2
letter-probability matrix: alength= 6 w= 7 nsites= 211695
0.0000 0.0000 0.0962 0.0000 0.0000 0.9038
0.0000 0.0000 0.0830 0.0000 0.0000 0.9170
0.0000 0.0117 0.1885 0.0591 0.0576 0.6830
0.0000 0.0226 0.2211 0.1070 0.0894 0.5599
0.0000 0.0326 0.2113 0.1433 0.1024 0.5104
0.0000 0.0424 0.1917 0.1688 0.1046 0.4925
0.0000 0.0529 0.1743 0.1774 0.1019 0.4933

MOTIF filter3
letter-probability matrix: alength= 6 w= 7 nsites= 131837
0.2592 0.0716 0.1146 0.2041 0.3504 0.0000
0.2360 0.0716 0.0849 0.2041 0.3010 0.1023
0.2030 0.0716 0.0551 0.1526 0.2484 0.2693
0.1753 0.0718 0.0453 0.1148 0.2063 0.3865
0.1522 0.0729 0.0550 0.0971 0.1746 0.4483
0.1327 0.0759 0.0723 0.0913 0.1559 0.4720
0.1162 0.0810 0.0894 0.0941 0.1435 0.4759

MOTIF filter4
letter-probability matrix: alength= 6 w= 7 nsites= 51835
0.0000 0.0000 0.0000 0.0000 0.0000 0.9999
0.0000 0.0004 0.0000 0.0000 0.0000 0.9996
0.0000 0.0118 0.1646 0.0784 0.0507 0.6946
0.0000 0.0217 0.2140 0.1397 0.0798 0.5448
0.0000 0.0304 0.2035 0.1822 0.0930 0.4909
0.0000 0.0382 0.1852 0.2101 0.0944 0.4720
0.0000 0.0465 0.1684 0.2149 0.0915 0.4786

MOTIF filter5
letter-probability matrix: alength= 6 w= 7 nsites= 63416
0.0000 0.0014 0.2519 0.7466 0.0000 0.0000
0.0000 0.0014 0.1903 0.5918 0.0000 0.2165
0.0000 0.0014 0.1223 0.4347 0.0000 0.4415
0.0000 0.0017 0.1046 0.3216 0.0045 0.5676
0.0000 0.0034 0.1176 0.2435 0.0185 0.6170
0.0000 0.0075 0.1428 0.1968 0.0405 0.6125
0.0000 0.0149 0.1583 0.1647 0.0657 0.5964

MOTIF filter6
letter-probability matrix: alength= 6 w= 7 nsites= 80731
0.0000 0.0009 0.0000 0.3334 0.5516 0.1141
0.0000 0.0024 0.0084 0.3380 0.4711 0.1801
0.0000 0.0025 0.0097 0.2574 0.3898 0.3406
0.0000 0.0036 0.0185 0.2007 0.3246 0.4525
0.0000 0.0065 0.0410 0.1749 0.2739 0.5038
0.0000 0.0116 0.0656 0.1632 0.2400 0.5195
0.0000 0.0193 0.0863 0.1617 0.2145 0.5181

MOTIF filter7
letter-probability matrix: alength= 6 w= 7 nsites= 12576
0.0001 0.9996 0.0001 0.0001 0.0001 0.0001
0.0001 0.9996 0.0001 0.0001 0.0001 0.0001
0.0001 0.9996 0.0001 0.0001 0.0001 0.0001
0.0001 0.9996 0.0001 0.0001 0.0001 0.0001
0.0001 0.9996 0.0001 0.0001 0.0001 0.0001
0.0001 0.9996 0.0001 0.0001 0.0001 0.0001
0.0001 0.9996 0.0001 0.0001 0.0001 0.0001

MOTIF filter8
letter-probability matrix: alength= 6 w= 7 nsites= 216496
0.0000 0.0000 0.0479 0.0015 0.0000 0.9506
0.0000 0.0008 0.0000 0.0489 0.0394 0.9109
0.0000 0.0123 0.1423 0.1110 0.0885 0.6459
0.0000 0.0235 0.1896 0.1595 0.1140 0.5135
0.0000 0.0329 0.1844 0.1883 0.1207 0.4736
0.0000 0.0420 0.1683 0.1977 0.1175 0.4745
0.0000 0.0522 0.1542 0.1945 0.1115 0.4876

MOTIF filter9
letter-probability matrix: alength= 6 w= 7 nsites= 1095
0.0009 0.1617 0.0009 0.0009 0.0009 0.8347
0.0009 0.2743 0.0009 0.0509 0.0054 0.6676
0.0009 0.2788 0.0917 0.1081 0.0127 0.5077
0.0009 0.2888 0.1462 0.1571 0.0191 0.3878
0.0009 0.2988 0.1290 0.2007 0.0200 0.3506
0.0009 0.3052 0.1208 0.2116 0.0236 0.3379
0.0009 0.3115 0.1108 0.2234 0.0236 0.3297

MOTIF filter10
letter-probability matrix: alength= 6 w= 7 nsites= 36459
0.0000 0.0159 0.0000 0.0000 0.0000 0.9840
0.0000 0.0365 0.3237 0.0000 0.0569 0.5829
0.0000 0.0474 0.2793 0.0412 0.0880 0.5440
0.0000 0.0561 0.2223 0.0692 0.0998 0.5526
0.0000 0.0643 0.1977 0.0970 0.1011 0.5400
0.0000 0.0745 0.1830 0.1237 0.0981 0.5207
0.0000 0.0863 0.1676 0.1409 0.0947 0.5104

MOTIF filter11
letter-probability matrix: alength= 6 w= 7 nsites= 3558
0.0003 0.0446 0.0003 0.0003 0.0003 0.9543
0.0003 0.1358 0.0003 0.4217 0.4416 0.0003
0.0003 0.1358 0.0003 0.4217 0.3519 0.0901
0.0003 0.1358 0.0003 0.4217 0.2710 0.1709
0.0003 0.1369 0.0048 0.3850 0.2127 0.2604
0.0003 0.1383 0.0180 0.2859 0.1681 0.3895
0.0003 0.1445 0.0297 0.2320 0.1375 0.4559

