MEME version 4

ALPHABET= FTIHMS

Background letter frequencies:
F 0.0526 T 0.0531 I 0.1374 H 0.1369 M 0.1086 S 0.5114

MOTIF filter0
letter-probability matrix: alength= 6 w= 7 nsites= 94023
0.3982 0.0000 0.0001 0.0913 0.3997 0.1107
0.3923 0.0000 0.0000 0.0400 0.3742 0.1935
0.3659 0.0001 0.0000 0.0000 0.3624 0.2716
0.3372 0.0003 0.0751 0.0000 0.3948 0.1926
0.3085 0.0011 0.0452 0.0099 0.4218 0.2135
0.2687 0.0023 0.0412 0.0153 0.3556 0.3169
0.2350 0.0043 0.0461 0.0215 0.3046 0.3885

MOTIF filter1
letter-probability matrix: alength= 6 w= 7 nsites= 836156
0.0400 0.0068 0.1533 0.1611 0.1246 0.5142
0.0310 0.0099 0.1498 0.1591 0.1153 0.5348
0.0233 0.0114 0.1495 0.1575 0.1119 0.5463
0.0193 0.0161 0.1496 0.1535 0.1080 0.5534
0.0139 0.0201 0.1491 0.1523 0.1012 0.5633
0.0118 0.0279 0.1509 0.1517 0.1058 0.5518
0.0101 0.0375 0.1513 0.1513 0.1095 0.5404

MOTIF filter2
letter-probability matrix: alength= 6 w= 7 nsites= 39402
0.0000 0.2539 0.0000 0.0074 0.6957 0.0429
0.0000 0.2544 0.0000 0.0184 0.6823 0.0448
0.0000 0.2567 0.0000 0.0275 0.6833 0.0325
0.0000 0.2588 0.0041 0.0494 0.6851 0.0026
0.0000 0.2610 0.0041 0.0494 0.5939 0.0917
0.0000 0.2610 0.0014 0.0416 0.5014 0.1946
0.0000 0.2613 0.0068 0.0362 0.4250 0.2707

MOTIF filter3
letter-probability matrix: alength= 6 w= 7 nsites= 180548
0.0000 0.0000 0.0121 0.0000 0.0014 0.9865
0.0000 0.0000 0.0686 0.0000 0.0243 0.9071
0.0000 0.0174 0.0695 0.0644 0.0451 0.8036
0.0000 0.0354 0.0143 0.1159 0.0300 0.8044
0.0000 0.0529 0.1431 0.1793 0.0447 0.5800
0.0000 0.0683 0.1733 0.2234 0.0648 0.4702
0.0000 0.0820 0.1658 0.2379 0.0708 0.4435

MOTIF filter4
letter-probability matrix: alength= 6 w= 7 nsites= 48858
0.7877 0.0000 0.0000 0.0000 0.0000 0.2122
0.7112 0.0000 0.0001 0.0000 0.0000 0.2886
0.6462 0.0000 0.0117 0.0051 0.0004 0.3365
0.5814 0.0000 0.0234 0.0323 0.0089 0.3540
0.5166 0.0000 0.0432 0.0426 0.0192 0.3784
0.4517 0.0000 0.0695 0.0522 0.0327 0.3938
0.3965 0.0000 0.0865 0.0591 0.0440 0.4138

MOTIF filter5
letter-probability matrix: alength= 6 w= 7 nsites= 139208
0.0001 0.0000 0.0901 0.0000 0.0200 0.8898
0.0000 0.0000 0.0006 0.0000 0.0246 0.9748
0.0000 0.0000 0.0963 0.0000 0.1274 0.7763
0.0000 0.0000 0.0000 0.0000 0.1645 0.8354
0.0000 0.0000 0.0698 0.0250 0.2067 0.6986
0.0000 0.0166 0.1501 0.0761 0.2026 0.5546
0.0000 0.0319 0.1640 0.1139 0.1867 0.5034

MOTIF filter6
letter-probability matrix: alength= 6 w= 7 nsites= 133639
0.0000 0.0000 0.2698 0.0000 0.0083 0.7219
0.0000 0.0000 0.3681 0.0000 0.0260 0.6059
0.0000 0.0000 0.2856 0.0000 0.0410 0.6734
0.0000 0.0000 0.0192 0.0000 0.0030 0.9778
0.0000 0.0035 0.1266 0.0000 0.0260 0.8438
0.0000 0.0208 0.1947 0.0655 0.0553 0.6636
0.0000 0.0388 0.2062 0.1175 0.0710 0.5666

MOTIF filter7
letter-probability matrix: alength= 6 w= 7 nsites= 15801
0.0001 0.9997 0.0001 0.0001 0.0001 0.0001
0.0001 0.9997 0.0001 0.0001 0.0001 0.0001
0.0001 0.9997 0.0001 0.0001 0.0001 0.0001
0.0001 0.9997 0.0001 0.0001 0.0001 0.0001
0.0001 0.9997 0.0001 0.0001 0.0001 0.0001
0.0001 0.9997 0.0001 0.0001 0.0001 0.0001
0.0001 0.9997 0.0001 0.0001 0.0001 0.0001

MOTIF filter8
letter-probability matrix: alength= 6 w= 7 nsites= 25988
0.0000 0.0009 0.0000 0.9932 0.0000 0.0058
0.0000 0.0020 0.0000 0.9926 0.0000 0.0052
0.0000 0.0066 0.0000 0.9926 0.0000 0.0007
0.0000 0.0072 0.0000 0.7938 0.0000 0.1988
0.0000 0.0072 0.0000 0.5949 0.0000 0.3978
0.0000 0.0075 0.0207 0.4670 0.0040 0.5007
0.0000 0.0090 0.0552 0.3686 0.0165 0.5506

MOTIF filter9
letter-probability matrix: alength= 6 w= 7 nsites= 83288
0.0000 0.0000 0.0000 0.0000 0.9252 0.0748
0.0000 0.0000 0.0000 0.0000 0.7754 0.2245
0.0000 0.0003 0.0000 0.0000 0.6528 0.3469
0.0000 0.0025 0.0064 0.0171 0.5559 0.4181
0.0000 0.0064 0.0207 0.0473 0.4791 0.4466
0.0000 0.0120 0.0472 0.0798 0.4028 0.4582
0.0000 0.0201 0.0648 0.1160 0.3427 0.4564

MOTIF filter10
letter-probability matrix: alength= 6 w= 7 nsites= 39964
0.0000 0.0000 0.0027 0.9500 0.0000 0.0473
0.0000 0.0000 0.0039 0.6996 0.0000 0.2964
0.0000 0.0000 0.0000 0.5161 0.0000 0.4838
0.0000 0.0004 0.0280 0.3869 0.0251 0.5595
0.0000 0.0023 0.0643 0.3037 0.0828 0.5468
0.0000 0.0066 0.0958 0.2397 0.0956 0.5622
0.0000 0.0125 0.1172 0.1927 0.1115 0.5660

MOTIF filter11
letter-probability matrix: alength= 6 w= 7 nsites= 131028
0.0000 0.0000 0.1492 0.0519 0.0787 0.7203
0.0000 0.0000 0.2844 0.0439 0.0879 0.5839
0.0000 0.0000 0.1663 0.0000 0.0556 0.7781
0.0000 0.0000 0.1050 0.0000 0.0179 0.8771
0.0000 0.0061 0.0087 0.0052 0.0321 0.9479
0.0000 0.0236 0.1329 0.0652 0.0675 0.7108
0.0000 0.0434 0.1850 0.1194 0.0893 0.5629

MOTIF filter12
letter-probability matrix: alength= 6 w= 7 nsites= 222617
0.0525 0.0084 0.1628 0.2000 0.0932 0.4830
0.0410 0.0155 0.1208 0.1623 0.1078 0.5527
0.0354 0.0230 0.1246 0.1444 0.1365 0.5360
0.0354 0.0294 0.1765 0.1551 0.1555 0.4481
0.0354 0.0380 0.2405 0.1839 0.1955 0.3066
0.0300 0.0432 0.1832 0.1596 0.1752 0.4087
0.0256 0.0489 0.1449 0.1442 0.1573 0.4791

MOTIF filter13
letter-probability matrix: alength= 6 w= 7 nsites= 38201
0.0453 0.0075 0.1487 0.2481 0.0302 0.5202
0.0414 0.0083 0.1331 0.2762 0.0226 0.5185
0.0000 0.0140 0.1184 0.2216 0.0166 0.6294
0.0000 0.0371 0.1616 0.2455 0.0192 0.5366
0.0000 0.0415 0.3645 0.2574 0.0648 0.2719
0.0000 0.0431 0.2462 0.2074 0.0602 0.4430
0.0000 0.0464 0.1728 0.1710 0.0599 0.5498

MOTIF filter14
letter-probability matrix: alength= 6 w= 7 nsites= 40005
0.0000 0.0006 0.0000 0.9993 0.0000 0.0000
0.0000 0.0006 0.0000 0.9769 0.0000 0.0224
0.0000 0.0006 0.0000 0.8205 0.0000 0.1789
0.0000 0.0010 0.0000 0.6914 0.0077 0.2999
0.0000 0.0012 0.0000 0.5158 0.0246 0.4584
0.0000 0.0024 0.0351 0.3865 0.0306 0.5454
0.0000 0.0057 0.0730 0.3035 0.0467 0.5711

MOTIF filter15
letter-probability matrix: alength= 6 w= 7 nsites= 39163
0.9999 0.0000 0.0000 0.0000 0.0000 0.0000
0.9833 0.0000 0.0000 0.0000 0.0000 0.0166
0.9024 0.0000 0.0000 0.0000 0.0000 0.0975
0.8215 0.0000 0.0029 0.0000 0.0007 0.1749
0.7406 0.0000 0.0200 0.0006 0.0042 0.2345
0.6451 0.0000 0.0265 0.0025 0.0069 0.3190
0.5642 0.0000 0.0402 0.0062 0.0136 0.3758

