MEME version 4

ALPHABET= FTIHMS

Background letter frequencies:
F 0.0481 T 0.0507 I 0.1377 H 0.1375 M 0.1054 S 0.5206

MOTIF filter0
letter-probability matrix: alength= 6 w= 7 nsites= 39418
0.7444 0.0000 0.0114 0.0012 0.0025 0.2403
0.6367 0.0000 0.0316 0.0048 0.0083 0.3186
0.5464 0.0000 0.0381 0.0077 0.0116 0.3962
0.4724 0.0000 0.0561 0.0136 0.0200 0.4378
0.4107 0.0000 0.0776 0.0219 0.0320 0.4578
0.3579 0.0000 0.0960 0.0320 0.0453 0.4688
0.3128 0.0000 0.1099 0.0440 0.0579 0.4754

MOTIF filter1
letter-probability matrix: alength= 6 w= 7 nsites= 326816
0.0193 0.0389 0.2436 0.0772 0.0518 0.5692
0.0193 0.0445 0.2824 0.0717 0.0742 0.5080
0.0158 0.0478 0.2243 0.0779 0.0816 0.5525
0.0130 0.0521 0.1912 0.0882 0.0888 0.5667
0.0109 0.0582 0.1770 0.1032 0.0962 0.5544
0.0090 0.0655 0.1681 0.1133 0.1011 0.5430
0.0075 0.0751 0.1604 0.1231 0.1038 0.5302

MOTIF filter2
letter-probability matrix: alength= 6 w= 7 nsites= 150542
0.0000 0.0000 0.0300 0.0000 0.0000 0.9700
0.0000 0.0004 0.0189 0.0000 0.0165 0.9641
0.0000 0.0087 0.1572 0.0335 0.0802 0.7204
0.0000 0.0181 0.2029 0.0600 0.1251 0.5938
0.0000 0.0277 0.2004 0.0798 0.1477 0.5444
0.0000 0.0374 0.1850 0.0936 0.1538 0.5302
0.0000 0.0479 0.1708 0.0975 0.1521 0.5317

MOTIF filter3
letter-probability matrix: alength= 6 w= 7 nsites= 149335
0.1965 0.0000 0.0000 0.3105 0.2858 0.2072
0.1681 0.0000 0.0000 0.2445 0.2505 0.3369
0.1442 0.0002 0.0218 0.1807 0.2103 0.4428
0.1247 0.0013 0.0487 0.1416 0.1848 0.4988
0.1084 0.0040 0.0744 0.1188 0.1710 0.5234
0.0945 0.0084 0.0953 0.1110 0.1637 0.5272
0.0826 0.0146 0.1101 0.1097 0.1589 0.5242

MOTIF filter4
letter-probability matrix: alength= 6 w= 7 nsites= 94954
0.0000 0.0028 0.1135 0.5319 0.0000 0.3518
0.0000 0.0034 0.1023 0.3834 0.0000 0.5109
0.0000 0.0043 0.1105 0.2783 0.0209 0.5860
0.0000 0.0067 0.1287 0.2068 0.0485 0.6092
0.0000 0.0108 0.1447 0.1565 0.0772 0.6108
0.0000 0.0170 0.1547 0.1260 0.1019 0.6003
0.0000 0.0257 0.1598 0.1047 0.1215 0.5883

MOTIF filter5
letter-probability matrix: alength= 6 w= 7 nsites= 185471
0.0000 0.0000 0.2463 0.0000 0.0000 0.7537
0.0000 0.0000 0.1518 0.0057 0.0027 0.8397
0.0000 0.0095 0.2006 0.0552 0.0471 0.6878
0.0000 0.0192 0.2146 0.0986 0.0721 0.5954
0.0000 0.0294 0.2047 0.1344 0.0848 0.5467
0.0000 0.0400 0.1896 0.1610 0.0899 0.5195
0.0000 0.0518 0.1740 0.1735 0.0901 0.5106

MOTIF filter6
letter-probability matrix: alength= 6 w= 7 nsites= 789415
0.0541 0.0235 0.1443 0.1638 0.1158 0.4985
0.0452 0.0273 0.1110 0.1563 0.1160 0.5441
0.0383 0.0316 0.1268 0.1522 0.1171 0.5340
0.0327 0.0367 0.1362 0.1494 0.1168 0.5283
0.0281 0.0425 0.1394 0.1479 0.1159 0.5262
0.0242 0.0496 0.1405 0.1472 0.1147 0.5238
0.0210 0.0583 0.1398 0.1463 0.1133 0.5213

MOTIF filter7
letter-probability matrix: alength= 6 w= 7 nsites= 37631
0.8929 0.0000 0.0000 0.0000 0.0011 0.1059
0.7801 0.0000 0.0101 0.0000 0.0023 0.2075
0.6672 0.0000 0.0129 0.0007 0.0026 0.3165
0.5726 0.0000 0.0270 0.0033 0.0068 0.3903
0.4950 0.0000 0.0499 0.0091 0.0159 0.4301
0.4304 0.0000 0.0739 0.0179 0.0283 0.4495
0.3751 0.0000 0.0928 0.0285 0.0417 0.4618

MOTIF filter8
letter-probability matrix: alength= 6 w= 7 nsites= 48165
0.0000 0.2465 0.0000 0.0145 0.7390 0.0000
0.0000 0.2465 0.0000 0.0145 0.6084 0.1306
0.0000 0.2465 0.0000 0.0141 0.5030 0.2364
0.0000 0.2468 0.0093 0.0131 0.4182 0.3125
0.0000 0.2487 0.0245 0.0241 0.3504 0.3523
0.0000 0.2535 0.0391 0.0424 0.3008 0.3642
0.0000 0.2605 0.0513 0.0668 0.2571 0.3643

MOTIF filter9
letter-probability matrix: alength= 6 w= 7 nsites= 43627
0.0000 0.0001 0.5500 0.0000 0.2650 0.1848
0.0000 0.0040 0.4754 0.0000 0.0000 0.5206
0.0000 0.0047 0.2900 0.0062 0.0028 0.6963
0.0000 0.0072 0.2190 0.0305 0.0083 0.7350
0.0000 0.0143 0.1997 0.0688 0.0190 0.6980
0.0000 0.0259 0.1983 0.1122 0.0329 0.6307
0.0000 0.0406 0.1924 0.1536 0.0448 0.5686

MOTIF filter10
letter-probability matrix: alength= 6 w= 7 nsites= 12845
0.0001 0.0085 0.1936 0.2822 0.0001 0.5155
0.0001 0.0085 0.0835 0.2822 0.0001 0.6256
0.0001 0.0110 0.1143 0.2995 0.0092 0.5659
0.0001 0.0173 0.1377 0.2342 0.0235 0.5873
0.0001 0.0249 0.1384 0.2078 0.0377 0.5911
0.0001 0.0358 0.1626 0.1850 0.0685 0.5480
0.0001 0.0524 0.1708 0.1764 0.1082 0.4921

MOTIF filter11
letter-probability matrix: alength= 6 w= 7 nsites= 190740
0.0000 0.0000 0.0920 0.0640 0.0302 0.8138
0.0000 0.0057 0.0000 0.1228 0.0368 0.8346
0.0000 0.0152 0.1221 0.1764 0.0800 0.6063
0.0000 0.0242 0.1678 0.2164 0.1006 0.4910
0.0000 0.0325 0.1659 0.2281 0.1047 0.4688
0.0000 0.0404 0.1528 0.2250 0.1009 0.4809
0.0000 0.0491 0.1403 0.2152 0.0945 0.5009

