MEME version 4

ALPHABET= FTIHMS

Background letter frequencies:
F 0.0520 T 0.0527 I 0.1391 H 0.1368 M 0.1066 S 0.5128

MOTIF filter0
letter-probability matrix: alength= 6 w= 7 nsites= 205293
0.0000 0.0000 0.0125 0.0082 0.2050 0.7742
0.0000 0.0000 0.0074 0.0541 0.2155 0.7230
0.0000 0.0094 0.1129 0.1073 0.2099 0.5604
0.0000 0.0179 0.1484 0.1501 0.1942 0.4895
0.0000 0.0257 0.1483 0.1793 0.1729 0.4739
0.0000 0.0339 0.1413 0.1942 0.1518 0.4789
0.0000 0.0432 0.1339 0.1988 0.1334 0.4906

MOTIF filter1
letter-probability matrix: alength= 6 w= 7 nsites= 81493
0.0000 0.0003 0.0000 0.0000 0.2042 0.7954
0.0000 0.0023 0.0308 0.0298 0.0836 0.8534
0.0000 0.0089 0.1045 0.0852 0.0817 0.7197
0.0000 0.0184 0.1422 0.1470 0.0834 0.6090
0.0000 0.0295 0.1517 0.2029 0.0836 0.5323
0.0000 0.0417 0.1475 0.2392 0.0801 0.4915
0.0000 0.0540 0.1390 0.2548 0.0754 0.4768

MOTIF filter2
letter-probability matrix: alength= 6 w= 7 nsites= 3584
0.9986 0.0003 0.0003 0.0003 0.0003 0.0003
0.0003 0.0003 0.0003 0.0003 0.0003 0.9986
0.0003 0.0003 0.0003 0.0003 0.0003 0.9986
0.0003 0.0003 0.0861 0.0078 0.0086 0.8969
0.0003 0.0003 0.1738 0.0287 0.0451 0.7518
0.0003 0.0003 0.2014 0.0582 0.0911 0.6487
0.0003 0.0003 0.2192 0.0816 0.1128 0.5858

MOTIF filter3
letter-probability matrix: alength= 6 w= 7 nsites= 81186
0.0000 0.0005 0.2453 0.0083 0.0023 0.7436
0.0000 0.0008 0.1033 0.0126 0.0162 0.8672
0.0000 0.0071 0.1653 0.0531 0.0366 0.7378
0.0000 0.0163 0.2004 0.0938 0.0566 0.6329
0.0000 0.0271 0.2059 0.1263 0.0714 0.5692
0.0000 0.0398 0.1969 0.1505 0.0803 0.5326
0.0000 0.0533 0.1872 0.1610 0.0846 0.5139

MOTIF filter4
letter-probability matrix: alength= 6 w= 7 nsites= 815034
0.0404 0.0082 0.1168 0.1671 0.1163 0.5512
0.0335 0.0117 0.1126 0.1663 0.1283 0.5476
0.0292 0.0162 0.1303 0.1645 0.1276 0.5321
0.0256 0.0215 0.1398 0.1618 0.1268 0.5245
0.0226 0.0277 0.1428 0.1584 0.1256 0.5229
0.0200 0.0349 0.1436 0.1544 0.1239 0.5232
0.0178 0.0437 0.1431 0.1507 0.1219 0.5228

MOTIF filter5
letter-probability matrix: alength= 6 w= 7 nsites= 92721
0.0332 0.0226 0.0275 0.0024 0.0032 0.9110
0.0000 0.0369 0.0598 0.0192 0.0082 0.8759
0.0000 0.0478 0.1658 0.0732 0.0647 0.6484
0.0000 0.0570 0.1955 0.1151 0.0882 0.5441
0.0000 0.0656 0.1898 0.1491 0.0955 0.5000
0.0000 0.0742 0.1758 0.1703 0.0980 0.4819
0.0000 0.0838 0.1628 0.1782 0.0960 0.4793

MOTIF filter6
letter-probability matrix: alength= 6 w= 7 nsites= 10347
0.0001 0.9995 0.0001 0.0001 0.0001 0.0001
0.0001 0.9995 0.0001 0.0001 0.0001 0.0001
0.0001 0.9995 0.0001 0.0001 0.0001 0.0001
0.0001 0.9995 0.0001 0.0001 0.0001 0.0001
0.0001 0.9995 0.0001 0.0001 0.0001 0.0001
0.0001 0.9995 0.0001 0.0001 0.0001 0.0001
0.0001 0.9995 0.0001 0.0001 0.0001 0.0001

MOTIF filter7
letter-probability matrix: alength= 6 w= 7 nsites= 44094
0.5710 0.2578 0.1712 0.0000 0.0000 0.0000
0.5710 0.2578 0.1712 0.0000 0.0000 0.0000
0.5011 0.2578 0.1148 0.0000 0.0000 0.1262
0.4417 0.2578 0.0783 0.0000 0.0000 0.2221
0.3912 0.2579 0.0641 0.0022 0.0007 0.2839
0.3479 0.2585 0.0656 0.0073 0.0045 0.3162
0.3107 0.2598 0.0717 0.0154 0.0118 0.3305

MOTIF filter8
letter-probability matrix: alength= 6 w= 7 nsites= 18511
0.0001 0.0001 0.9734 0.0001 0.0264 0.0001
0.0001 0.0001 0.6191 0.0001 0.0264 0.3544
0.0001 0.0001 0.4034 0.0001 0.0205 0.5760
0.0001 0.0007 0.3001 0.0105 0.0181 0.6706
0.0001 0.0045 0.2555 0.0350 0.0227 0.6822
0.0001 0.0123 0.2339 0.0665 0.0320 0.6553
0.0001 0.0256 0.2199 0.0981 0.0429 0.6135

MOTIF filter9
letter-probability matrix: alength= 6 w= 7 nsites= 168297
0.1709 0.0000 0.0000 0.1979 0.4676 0.1635
0.1496 0.0000 0.0000 0.2748 0.3912 0.1844
0.1313 0.0002 0.0060 0.2693 0.3197 0.2736
0.1157 0.0011 0.0183 0.2424 0.2635 0.3589
0.1025 0.0036 0.0336 0.2081 0.2220 0.4301
0.0912 0.0077 0.0493 0.1752 0.1924 0.4843
0.0814 0.0138 0.0632 0.1610 0.1734 0.5072

MOTIF filter10
letter-probability matrix: alength= 6 w= 7 nsites= 18024
0.0001 0.0001 0.9997 0.0001 0.0001 0.0001
0.0001 0.0001 0.6358 0.0001 0.0001 0.3639
0.0001 0.0001 0.4143 0.0001 0.0001 0.5855
0.0001 0.0007 0.3082 0.0108 0.0018 0.6785
0.0001 0.0046 0.2620 0.0357 0.0095 0.6881
0.0001 0.0125 0.2390 0.0675 0.0215 0.6594
0.0001 0.0259 0.2236 0.0993 0.0343 0.6168

MOTIF filter11
letter-probability matrix: alength= 6 w= 7 nsites= 40406
0.9084 0.0000 0.0000 0.0000 0.0011 0.0904
0.8197 0.0000 0.0000 0.0008 0.0021 0.1774
0.7130 0.0000 0.0076 0.0014 0.0024 0.2755
0.6243 0.0000 0.0231 0.0040 0.0061 0.3425
0.5481 0.0000 0.0429 0.0092 0.0142 0.3857
0.4832 0.0000 0.0634 0.0166 0.0245 0.4122
0.4281 0.0000 0.0819 0.0258 0.0360 0.4282

