MEME version 4

ALPHABET= FTIHMS

Background letter frequencies:
F 0.0491 T 0.0530 I 0.1387 H 0.1373 M 0.1111 S 0.5107

MOTIF filter0
letter-probability matrix: alength= 6 w= 7 nsites= 17524
0.0001 0.8521 0.1321 0.0001 0.0001 0.0156
0.0001 0.8569 0.0001 0.0001 0.0001 0.1429
0.0001 0.8607 0.0001 0.0001 0.0001 0.1391
0.0001 0.8722 0.0477 0.0001 0.0001 0.0800
0.0001 0.8770 0.1228 0.0001 0.0001 0.0001
0.0001 0.8770 0.0606 0.0001 0.0001 0.0622
0.0001 0.8770 0.0321 0.0001 0.0001 0.0907

MOTIF filter1
letter-probability matrix: alength= 6 w= 7 nsites= 93945
0.1594 0.0000 0.0000 0.0000 0.6530 0.1875
0.1577 0.0000 0.0006 0.0060 0.5801 0.2556
0.1577 0.0000 0.0146 0.0260 0.5385 0.2633
0.1577 0.0002 0.0512 0.0574 0.4715 0.2620
0.1392 0.0012 0.0021 0.0751 0.3902 0.3922
0.1233 0.0052 0.0293 0.0935 0.3252 0.4234
0.1097 0.0116 0.0540 0.1119 0.2748 0.4379

MOTIF filter2
letter-probability matrix: alength= 6 w= 7 nsites= 8919
0.0001 0.0188 0.0114 0.0001 0.0001 0.9694
0.0001 0.0373 0.0001 0.0001 0.0406 0.9218
0.0001 0.0515 0.0001 0.0001 0.2270 0.7211
0.0001 0.0732 0.0415 0.0409 0.3970 0.4474
0.0001 0.0827 0.0001 0.0715 0.4552 0.3904
0.0001 0.0894 0.0566 0.0999 0.3785 0.3755
0.0001 0.0988 0.0818 0.1191 0.3176 0.3825

MOTIF filter3
letter-probability matrix: alength= 6 w= 7 nsites= 1614
0.0006 0.0006 0.3247 0.6284 0.0012 0.0444
0.0006 0.0006 0.0006 0.0006 0.0006 0.9969
0.0006 0.0006 0.0006 0.0006 0.0006 0.9969
0.0006 0.0136 0.0006 0.0043 0.0006 0.9802
0.0006 0.0253 0.0006 0.0099 0.0006 0.9630
0.0006 0.0463 0.1519 0.0105 0.1179 0.6728
0.0006 0.0673 0.1969 0.0105 0.1901 0.5346

MOTIF filter4
letter-probability matrix: alength= 6 w= 7 nsites= 864858
0.0465 0.0194 0.1352 0.1372 0.1232 0.5385
0.0376 0.0232 0.1389 0.1419 0.1250 0.5336
0.0302 0.0272 0.1370 0.1395 0.1269 0.5392
0.0242 0.0325 0.1390 0.1364 0.1263 0.5416
0.0192 0.0388 0.1395 0.1330 0.1254 0.5440
0.0168 0.0464 0.1439 0.1372 0.1246 0.5310
0.0148 0.0556 0.1456 0.1397 0.1237 0.5206

MOTIF filter5
letter-probability matrix: alength= 6 w= 7 nsites= 60255
0.4638 0.0025 0.0751 0.0000 0.4520 0.0066
0.4638 0.0034 0.0770 0.0000 0.4551 0.0006
0.4638 0.0036 0.0770 0.0000 0.4555 0.0000
0.4638 0.0036 0.0770 0.0000 0.4555 0.0000
0.4297 0.0036 0.0606 0.0000 0.3938 0.1122
0.3713 0.0036 0.0403 0.0000 0.3285 0.2562
0.3227 0.0040 0.0362 0.0035 0.2751 0.3585

MOTIF filter6
letter-probability matrix: alength= 6 w= 7 nsites= 20750
0.0000 0.0000 0.0000 0.7155 0.0000 0.2844
0.0000 0.0000 0.1411 0.7879 0.0000 0.0708
0.0000 0.0000 0.2014 0.7397 0.0000 0.0587
0.0000 0.0000 0.2014 0.7502 0.0000 0.0482
0.0000 0.0000 0.0782 0.7436 0.0000 0.1780
0.0000 0.0000 0.0448 0.5132 0.0003 0.4417
0.0000 0.0023 0.0508 0.3894 0.0085 0.5489

MOTIF filter7
letter-probability matrix: alength= 6 w= 7 nsites= 39716
0.0000 0.4432 0.5545 0.0000 0.0000 0.0023
0.0000 0.4438 0.5080 0.0000 0.0000 0.0482
0.0000 0.4454 0.2850 0.0000 0.0000 0.2694
0.0000 0.4474 0.1182 0.0000 0.0000 0.4342
0.0000 0.4518 0.0288 0.0000 0.0002 0.5192
0.0000 0.4572 0.0718 0.0230 0.0091 0.4389
0.0000 0.4659 0.0991 0.0486 0.0198 0.3665

MOTIF filter8
letter-probability matrix: alength= 6 w= 7 nsites= 57282
0.2902 0.0000 0.0440 0.4646 0.0086 0.1926
0.2893 0.0000 0.0611 0.4673 0.0380 0.1443
0.2893 0.0042 0.0684 0.4878 0.1045 0.0459
0.2893 0.0045 0.0684 0.4882 0.1497 0.0000
0.2590 0.0045 0.0684 0.3971 0.1407 0.1304
0.2287 0.0045 0.0409 0.2993 0.1124 0.3142
0.2026 0.0046 0.0391 0.2317 0.0931 0.4289

MOTIF filter9
letter-probability matrix: alength= 6 w= 7 nsites= 15317
0.0001 0.8720 0.0001 0.0001 0.0001 0.1278
0.0001 0.9680 0.0001 0.0001 0.0001 0.0318
0.0001 0.9997 0.0001 0.0001 0.0001 0.0001
0.0001 0.9997 0.0001 0.0001 0.0001 0.0001
0.0001 0.9997 0.0001 0.0001 0.0001 0.0001
0.0001 0.9997 0.0001 0.0001 0.0001 0.0001
0.0001 0.9997 0.0001 0.0001 0.0001 0.0001

MOTIF filter10
letter-probability matrix: alength= 6 w= 7 nsites= 184548
0.0000 0.0000 0.0594 0.0504 0.0332 0.8570
0.0000 0.0062 0.1537 0.0514 0.0024 0.7862
0.0000 0.0200 0.2786 0.0900 0.0118 0.5996
0.0000 0.0316 0.1284 0.1354 0.0383 0.6663
0.0000 0.0442 0.0729 0.1217 0.0520 0.7093
0.0000 0.0589 0.1372 0.1596 0.0709 0.5735
0.0000 0.0744 0.1596 0.1807 0.0820 0.5032

MOTIF filter11
letter-probability matrix: alength= 6 w= 7 nsites= 9288
0.0001 0.0048 0.0306 0.0030 0.4348 0.5267
0.0001 0.0192 0.2525 0.0079 0.5032 0.2171
0.0001 0.0192 0.3891 0.0079 0.5603 0.0236
0.0001 0.0192 0.1828 0.0049 0.4664 0.3266
0.0001 0.0192 0.1701 0.0002 0.3962 0.4142
0.0001 0.0230 0.1354 0.0169 0.3262 0.4984
0.0001 0.0304 0.1184 0.0428 0.2711 0.5371

MOTIF filter12
letter-probability matrix: alength= 6 w= 7 nsites= 54937
0.0000 0.0000 0.1255 0.1510 0.0225 0.7009
0.0000 0.0000 0.0737 0.0000 0.0000 0.9263
0.0000 0.0014 0.0000 0.0000 0.0110 0.9876
0.0000 0.0061 0.0935 0.0000 0.0733 0.8271
0.0000 0.0115 0.1787 0.0000 0.0653 0.7445
0.0000 0.0251 0.2099 0.0036 0.1344 0.6270
0.0000 0.0388 0.2077 0.0080 0.1687 0.5767

MOTIF filter13
letter-probability matrix: alength= 6 w= 7 nsites= 11349
0.0001 0.9996 0.0001 0.0001 0.0001 0.0001
0.0001 0.9996 0.0001 0.0001 0.0001 0.0001
0.0001 0.9996 0.0001 0.0001 0.0001 0.0001
0.0001 0.9996 0.0001 0.0001 0.0001 0.0001
0.0001 0.9996 0.0001 0.0001 0.0001 0.0001
0.0001 0.9996 0.0001 0.0001 0.0001 0.0001
0.0001 0.9996 0.0001 0.0001 0.0001 0.0001

MOTIF filter14
letter-probability matrix: alength= 6 w= 7 nsites= 52208
0.0000 0.0087 0.0000 0.2341 0.7408 0.0164
0.0000 0.0118 0.0009 0.2432 0.7314 0.0127
0.0000 0.0136 0.0009 0.2432 0.7179 0.0244
0.0000 0.0139 0.0047 0.2494 0.6319 0.1001
0.0000 0.0143 0.0127 0.2545 0.5455 0.1730
0.0000 0.0148 0.0107 0.2061 0.4540 0.3145
0.0000 0.0168 0.0194 0.1779 0.3797 0.4062

MOTIF filter15
letter-probability matrix: alength= 6 w= 7 nsites= 57165
0.4281 0.0000 0.0004 0.0000 0.5661 0.0053
0.4275 0.0000 0.0004 0.0000 0.5687 0.0033
0.4269 0.0000 0.0004 0.0005 0.5709 0.0012
0.4269 0.0000 0.0004 0.0005 0.5715 0.0006
0.3910 0.0000 0.0004 0.0005 0.5072 0.1010
0.3398 0.0000 0.0002 0.0005 0.4221 0.2374
0.2967 0.0004 0.0082 0.0034 0.3530 0.3383

